Particle # ,      x (cm)      ,      y (cm)      ,      z (cm)      ,  n_H (c^m-3)  ,   T_gas (K)   ,  T_dust (K)   , chi (Draine)  , Type (I|P|D)
         1 , +0.000000000E+00 , +0.000000000E+00 , +0.000000000E+00 , 1.7600000E+03 , 5.0000000E+01 , 2.0000000E+01 , 0.0000000E+00 , P
         2 , +9.034533601E+10 , +0.000000000E+00 , +0.000000000E+00 , 1.7600000E+03 , 5.0000000E+01 , 2.0000000E+01 , 0.0000000E+00 , P
         3 , +9.937986961E+10 , +0.000000000E+00 , +0.000000000E+00 , 1.7600000E+03 , 5.0000000E+01 , 2.0000000E+01 , 0.0000000E+00 , P
         4 , +1.084144032E+11 , +0.000000000E+00 , +0.000000000E+00 , 1.7600000E+03 , 5.0000000E+01 , 2.0000000E+01 , 0.0000000E+00 , P
         5 , +1.174489368E+11 , +0.000000000E+00 , +0.000000000E+00 , 1.7600000E+03 , 5.0000000E+01 , 2.0000000E+01 , 0.0000000E+00 , P
         6 , +1.264834704E+11 , +0.000000000E+00 , +0.000000000E+00 , 1.7600000E+03 , 5.0000000E+01 , 2.0000000E+01 , 0.0000000E+00 , P
         7 , +1.355180040E+11 , +0.000000000E+00 , +0.000000000E+00 , 1.7600000E+03 , 5.0000000E+01 , 2.0000000E+01 , 0.0000000E+00 , P
         8 , +1.445525376E+11 , +0.000000000E+00 , +0.000000000E+00 , 1.7600000E+03 , 5.0000000E+01 , 2.0000000E+01 , 0.0000000E+00 , P
         9 , +1.535870712E+11 , +0.000000000E+00 , +0.000000000E+00 , 1.7600000E+03 , 5.0000000E+01 , 2.0000000E+01 , 0.0000000E+00 , P
        10 , +1.626216048E+11 , +0.000000000E+00 , +0.000000000E+00 , 1.7600000E+03 , 5.0000000E+01 , 2.0000000E+01 , 0.0000000E+00 , P
        11 , +1.716561384E+11 , +0.000000000E+00 , +0.000000000E+00 , 1.7600000E+03 , 5.0000000E+01 , 2.0000000E+01 , 0.0000000E+00 , P
        12 , +1.806906720E+11 , +0.000000000E+00 , +0.000000000E+00 , 1.7600000E+03 , 5.0000000E+01 , 2.0000000E+01 , 0.0000000E+00 , P
        13 , +1.897252056E+11 , +0.000000000E+00 , +0.000000000E+00 , 1.7600000E+03 , 5.0000000E+01 , 2.0000000E+01 , 0.0000000E+00 , P
        14 , +1.987597392E+11 , +0.000000000E+00 , +0.000000000E+00 , 1.7600000E+03 , 5.0000000E+01 , 2.0000000E+01 , 0.0000000E+00 , P
        15 , +2.077942728E+11 , +0.000000000E+00 , +0.000000000E+00 , 1.7600000E+03 , 5.0000000E+01 , 2.0000000E+01 , 0.0000000E+00 , P
        16 , +2.168288064E+11 , +0.000000000E+00 , +0.000000000E+00 , 1.7600000E+03 , 5.0000000E+01 , 2.0000000E+01 , 0.0000000E+00 , P
        17 , +2.258633400E+11 , +0.000000000E+00 , +0.000000000E+00 , 1.7600000E+03 , 5.0000000E+01 , 2.0000000E+01 , 0.0000000E+00 , P
        18 , +2.348978736E+11 , +0.000000000E+00 , +0.000000000E+00 , 1.7600000E+03 , 5.0000000E+01 , 2.0000000E+01 , 0.0000000E+00 , P
        19 , +2.439324072E+11 , +0.000000000E+00 , +0.000000000E+00 , 1.7600000E+03 , 5.0000000E+01 , 2.0000000E+01 , 0.0000000E+00 , P
        20 , +2.529669408E+11 , +0.000000000E+00 , +0.000000000E+00 , 1.7600000E+03 , 5.0000000E+01 , 2.0000000E+01 , 0.0000000E+00 , P
        21 , +2.620014744E+11 , +0.000000000E+00 , +0.000000000E+00 , 1.7600000E+03 , 5.0000000E+01 , 2.0000000E+01 , 0.0000000E+00 , P
        22 , +2.710360080E+11 , +0.000000000E+00 , +0.000000000E+00 , 1.7600000E+03 , 5.0000000E+01 , 2.0000000E+01 , 0.0000000E+00 , P
        23 , +2.800705416E+11 , +0.000000000E+00 , +0.000000000E+00 , 1.7600000E+03 , 5.0000000E+01 , 2.0000000E+01 , 0.0000000E+00 , P
        24 , +2.891050752E+11 , +0.000000000E+00 , +0.000000000E+00 , 1.7600000E+03 , 5.0000000E+01 , 2.0000000E+01 , 0.0000000E+00 , P
        25 , +2.981396088E+11 , +0.000000000E+00 , +0.000000000E+00 , 1.7600000E+03 , 5.0000000E+01 , 2.0000000E+01 , 0.0000000E+00 , P
        26 , +3.071741424E+11 , +0.000000000E+00 , +0.000000000E+00 , 1.7600000E+03 , 5.0000000E+01 , 2.0000000E+01 , 0.0000000E+00 , P
        27 , +3.162086760E+11 , +0.000000000E+00 , +0.000000000E+00 , 1.7600000E+03 , 5.0000000E+01 , 2.0000000E+01 , 0.0000000E+00 , P
        28 , +3.252432096E+11 , +0.000000000E+00 , +0.000000000E+00 , 1.7600000E+03 , 5.0000000E+01 , 2.0000000E+01 , 0.0000000E+00 , P
        29 , +3.342777432E+11 , +0.000000000E+00 , +0.000000000E+00 , 1.7600000E+03 , 5.0000000E+01 , 2.0000000E+01 , 0.0000000E+00 , P
        30 , +3.433122768E+11 , +0.000000000E+00 , +0.000000000E+00 , 1.7600000E+03 , 5.0000000E+01 , 2.0000000E+01 , 0.0000000E+00 , P
        31 , +3.523468104E+11 , +0.000000000E+00 , +0.000000000E+00 , 1.7600000E+03 , 5.0000000E+01 , 2.0000000E+01 , 0.0000000E+00 , P
        32 , +3.613813440E+11 , +0.000000000E+00 , +0.000000000E+00 , 1.7600000E+03 , 5.0000000E+01 , 2.0000000E+01 , 0.0000000E+00 , P
        33 , +3.704158777E+11 , +0.000000000E+00 , +0.000000000E+00 , 1.7600000E+03 , 5.0000000E+01 , 2.0000000E+01 , 0.0000000E+00 , P
        34 , +3.794504113E+11 , +0.000000000E+00 , +0.000000000E+00 , 1.7600000E+03 , 5.0000000E+01 , 2.0000000E+01 , 0.0000000E+00 , P
        35 , +3.884849449E+11 , +0.000000000E+00 , +0.000000000E+00 , 1.7600000E+03 , 5.0000000E+01 , 2.0000000E+01 , 0.0000000E+00 , P
        36 , +3.975194785E+11 , +0.000000000E+00 , +0.000000000E+00 , 1.7600000E+03 , 5.0000000E+01 , 2.0000000E+01 , 0.0000000E+00 , P
        37 , +4.065540121E+11 , +0.000000000E+00 , +0.000000000E+00 , 1.7600000E+03 , 5.0000000E+01 , 2.0000000E+01 , 0.0000000E+00 , P
        38 , +4.155885457E+11 , +0.000000000E+00 , +0.000000000E+00 , 1.7600000E+03 , 5.0000000E+01 , 2.0000000E+01 , 0.0000000E+00 , P
        39 , +4.246230793E+11 , +0.000000000E+00 , +0.000000000E+00 , 1.7600000E+03 , 5.0000000E+01 , 2.0000000E+01 , 0.0000000E+00 , P
        40 , +4.336576129E+11 , +0.000000000E+00 , +0.000000000E+00 , 1.7600000E+03 , 5.0000000E+01 , 2.0000000E+01 , 0.0000000E+00 , P
        41 , +4.426921465E+11 , +0.000000000E+00 , +0.000000000E+00 , 1.7600000E+03 , 5.0000000E+01 , 2.0000000E+01 , 0.0000000E+00 , P
        42 , +4.517266801E+11 , +0.000000000E+00 , +0.000000000E+00 , 1.7600000E+03 , 5.0000000E+01 , 2.0000000E+01 , 0.0000000E+00 , P
        43 , +4.607612137E+11 , +0.000000000E+00 , +0.000000000E+00 , 1.7600000E+03 , 5.0000000E+01 , 2.0000000E+01 , 0.0000000E+00 , P
        44 , +4.697957473E+11 , +0.000000000E+00 , +0.000000000E+00 , 1.7600000E+03 , 5.0000000E+01 , 2.0000000E+01 , 0.0000000E+00 , P
        45 , +4.788302809E+11 , +0.000000000E+00 , +0.000000000E+00 , 1.7600000E+03 , 5.0000000E+01 , 2.0000000E+01 , 0.0000000E+00 , P
        46 , +4.878648145E+11 , +0.000000000E+00 , +0.000000000E+00 , 1.7600000E+03 , 5.0000000E+01 , 2.0000000E+01 , 0.0000000E+00 , P
        47 , +4.968993481E+11 , +0.000000000E+00 , +0.000000000E+00 , 1.7600000E+03 , 5.0000000E+01 , 2.0000000E+01 , 0.0000000E+00 , P
        48 , +5.059338817E+11 , +0.000000000E+00 , +0.000000000E+00 , 1.7600000E+03 , 5.0000000E+01 , 2.0000000E+01 , 0.0000000E+00 , P
        49 , +5.149684153E+11 , +0.000000000E+00 , +0.000000000E+00 , 1.7600000E+03 , 5.0000000E+01 , 2.0000000E+01 , 0.0000000E+00 , P
        50 , +5.240029489E+11 , +0.000000000E+00 , +0.000000000E+00 , 1.7600000E+03 , 5.0000000E+01 , 2.0000000E+01 , 0.0000000E+00 , P
        51 , +5.330374825E+11 , +0.000000000E+00 , +0.000000000E+00 , 1.7600000E+03 , 5.0000000E+01 , 2.0000000E+01 , 0.0000000E+00 , P
        52 , +5.420720161E+11 , +0.000000000E+00 , +0.000000000E+00 , 1.7600000E+03 , 5.0000000E+01 , 2.0000000E+01 , 0.0000000E+00 , P
        53 , +5.511065497E+11 , +0.000000000E+00 , +0.000000000E+00 , 1.7600000E+03 , 5.0000000E+01 , 2.0000000E+01 , 0.0000000E+00 , P
        54 , +5.601410833E+11 , +0.000000000E+00 , +0.000000000E+00 , 1.7600000E+03 , 5.0000000E+01 , 2.0000000E+01 , 0.0000000E+00 , P
        55 , +5.691756169E+11 , +0.000000000E+00 , +0.000000000E+00 , 1.7600000E+03 , 5.0000000E+01 , 2.0000000E+01 , 0.0000000E+00 , P
        56 , +5.782101505E+11 , +0.000000000E+00 , +0.000000000E+00 , 1.7600000E+03 , 5.0000000E+01 , 2.0000000E+01 , 0.0000000E+00 , P
        57 , +5.872446841E+11 , +0.000000000E+00 , +0.000000000E+00 , 1.7600000E+03 , 5.0000000E+01 , 2.0000000E+01 , 0.0000000E+00 , P
        58 , +5.962792177E+11 , +0.000000000E+00 , +0.000000000E+00 , 1.7600000E+03 , 5.0000000E+01 , 2.0000000E+01 , 0.0000000E+00 , P
        59 , +6.053137513E+11 , +0.000000000E+00 , +0.000000000E+00 , 1.7600000E+03 , 5.0000000E+01 , 2.0000000E+01 , 0.0000000E+00 , P
        60 , +6.143482849E+11 , +0.000000000E+00 , +0.000000000E+00 , 1.7600000E+03 , 5.0000000E+01 , 2.0000000E+01 , 0.0000000E+00 , P
        61 , +6.233828185E+11 , +0.000000000E+00 , +0.000000000E+00 , 1.7600000E+03 , 5.0000000E+01 , 2.0000000E+01 , 0.0000000E+00 , P
        62 , +6.324173521E+11 , +0.000000000E+00 , +0.000000000E+00 , 1.7600000E+03 , 5.0000000E+01 , 2.0000000E+01 , 0.0000000E+00 , P
        63 , +6.414518857E+11 , +0.000000000E+00 , +0.000000000E+00 , 1.7600000E+03 , 5.0000000E+01 , 2.0000000E+01 , 0.0000000E+00 , P
        64 , +6.504864193E+11 , +0.000000000E+00 , +0.000000000E+00 , 1.7600000E+03 , 5.0000000E+01 , 2.0000000E+01 , 0.0000000E+00 , P
        65 , +6.595209529E+11 , +0.000000000E+00 , +0.000000000E+00 , 1.7600000E+03 , 5.0000000E+01 , 2.0000000E+01 , 0.0000000E+00 , P
        66 , +6.685554865E+11 , +0.000000000E+00 , +0.000000000E+00 , 1.7600000E+03 , 5.0000000E+01 , 2.0000000E+01 , 0.0000000E+00 , P
        67 , +6.775900201E+11 , +0.000000000E+00 , +0.000000000E+00 , 1.7600000E+03 , 5.0000000E+01 , 2.0000000E+01 , 0.0000000E+00 , P
        68 , +6.866245537E+11 , +0.000000000E+00 , +0.000000000E+00 , 1.7600000E+03 , 5.0000000E+01 , 2.0000000E+01 , 0.0000000E+00 , P
        69 , +6.956590873E+11 , +0.000000000E+00 , +0.000000000E+00 , 1.7600000E+03 , 5.0000000E+01 , 2.0000000E+01 , 0.0000000E+00 , P
        70 , +7.046936209E+11 , +0.000000000E+00 , +0.000000000E+00 , 1.7600000E+03 , 5.0000000E+01 , 2.0000000E+01 , 0.0000000E+00 , P
        71 , +7.137281545E+11 , +0.000000000E+00 , +0.000000000E+00 , 1.7600000E+03 , 5.0000000E+01 , 2.0000000E+01 , 0.0000000E+00 , P
        72 , +7.227626881E+11 , +0.000000000E+00 , +0.000000000E+00 , 1.7600000E+03 , 5.0000000E+01 , 2.0000000E+01 , 0.0000000E+00 , P
        73 , +7.317972217E+11 , +0.000000000E+00 , +0.000000000E+00 , 1.7600000E+03 , 5.0000000E+01 , 2.0000000E+01 , 0.0000000E+00 , P
        74 , +7.408317553E+11 , +0.000000000E+00 , +0.000000000E+00 , 1.7600000E+03 , 5.0000000E+01 , 2.0000000E+01 , 0.0000000E+00 , P
        75 , +7.498662889E+11 , +0.000000000E+00 , +0.000000000E+00 , 1.7600000E+03 , 5.0000000E+01 , 2.0000000E+01 , 0.0000000E+00 , P
        76 , +7.589008225E+11 , +0.000000000E+00 , +0.000000000E+00 , 1.7600000E+03 , 5.0000000E+01 , 2.0000000E+01 , 0.0000000E+00 , P
        77 , +7.679353561E+11 , +0.000000000E+00 , +0.000000000E+00 , 1.7600000E+03 , 5.0000000E+01 , 2.0000000E+01 , 0.0000000E+00 , P
        78 , +7.769698897E+11 , +0.000000000E+00 , +0.000000000E+00 , 1.7600000E+03 , 5.0000000E+01 , 2.0000000E+01 , 0.0000000E+00 , P
        79 , +7.860044233E+11 , +0.000000000E+00 , +0.000000000E+00 , 1.7600000E+03 , 5.0000000E+01 , 2.0000000E+01 , 0.0000000E+00 , P
        80 , +7.950389569E+11 , +0.000000000E+00 , +0.000000000E+00 , 1.7600000E+03 , 5.0000000E+01 , 2.0000000E+01 , 0.0000000E+00 , P
        81 , +8.040734905E+11 , +0.000000000E+00 , +0.000000000E+00 , 1.7600000E+03 , 5.0000000E+01 , 2.0000000E+01 , 0.0000000E+00 , P
        82 , +8.131080241E+11 , +0.000000000E+00 , +0.000000000E+00 , 1.7600000E+03 , 5.0000000E+01 , 2.0000000E+01 , 0.0000000E+00 , P
        83 , +8.221425577E+11 , +0.000000000E+00 , +0.000000000E+00 , 1.7600000E+03 , 5.0000000E+01 , 2.0000000E+01 , 0.0000000E+00 , P
        84 , +8.311770913E+11 , +0.000000000E+00 , +0.000000000E+00 , 1.7600000E+03 , 5.0000000E+01 , 2.0000000E+01 , 0.0000000E+00 , P
        85 , +8.402116249E+11 , +0.000000000E+00 , +0.000000000E+00 , 1.7600000E+03 , 5.0000000E+01 , 2.0000000E+01 , 0.0000000E+00 , P
        86 , +8.492461585E+11 , +0.000000000E+00 , +0.000000000E+00 , 1.7600000E+03 , 5.0000000E+01 , 2.0000000E+01 , 0.0000000E+00 , P
        87 , +8.582806921E+11 , +0.000000000E+00 , +0.000000000E+00 , 1.7600000E+03 , 5.0000000E+01 , 2.0000000E+01 , 0.0000000E+00 , P
        88 , +8.673152257E+11 , +0.000000000E+00 , +0.000000000E+00 , 1.7600000E+03 , 5.0000000E+01 , 2.0000000E+01 , 0.0000000E+00 , P
        89 , +8.763497593E+11 , +0.000000000E+00 , +0.000000000E+00 , 1.7600000E+03 , 5.0000000E+01 , 2.0000000E+01 , 0.0000000E+00 , P
        90 , +8.853842929E+11 , +0.000000000E+00 , +0.000000000E+00 , 1.7600000E+03 , 5.0000000E+01 , 2.0000000E+01 , 0.0000000E+00 , P
        91 , +8.944188265E+11 , +0.000000000E+00 , +0.000000000E+00 , 1.7600000E+03 , 5.0000000E+01 , 2.0000000E+01 , 0.0000000E+00 , P
        92 , +9.034533601E+11 , +0.000000000E+00 , +0.000000000E+00 , 1.7600000E+03 , 5.0000000E+01 , 2.0000000E+01 , 0.0000000E+00 , P
        93 , +9.937986961E+11 , +0.000000000E+00 , +0.000000000E+00 , 1.7600000E+03 , 5.0000000E+01 , 2.0000000E+01 , 0.0000000E+00 , P
        94 , +1.084144032E+12 , +0.000000000E+00 , +0.000000000E+00 , 1.7600000E+03 , 5.0000000E+01 , 2.0000000E+01 , 0.0000000E+00 , P
        95 , +1.174489368E+12 , +0.000000000E+00 , +0.000000000E+00 , 1.7600000E+03 , 5.0000000E+01 , 2.0000000E+01 , 0.0000000E+00 , P
        96 , +1.264834704E+12 , +0.000000000E+00 , +0.000000000E+00 , 1.7600000E+03 , 5.0000000E+01 , 2.0000000E+01 , 0.0000000E+00 , P
        97 , +1.355180040E+12 , +0.000000000E+00 , +0.000000000E+00 , 1.7600000E+03 , 5.0000000E+01 , 2.0000000E+01 , 0.0000000E+00 , P
        98 , +1.445525376E+12 , +0.000000000E+00 , +0.000000000E+00 , 1.7600000E+03 , 5.0000000E+01 , 2.0000000E+01 , 0.0000000E+00 , P
        99 , +1.535870712E+12 , +0.000000000E+00 , +0.000000000E+00 , 1.7600000E+03 , 5.0000000E+01 , 2.0000000E+01 , 0.0000000E+00 , P
       100 , +1.626216048E+12 , +0.000000000E+00 , +0.000000000E+00 , 1.7600000E+03 , 5.0000000E+01 , 2.0000000E+01 , 0.0000000E+00 , P
       101 , +1.716561384E+12 , +0.000000000E+00 , +0.000000000E+00 , 1.7600000E+03 , 5.0000000E+01 , 2.0000000E+01 , 0.0000000E+00 , P
       102 , +1.806906720E+12 , +0.000000000E+00 , +0.000000000E+00 , 1.7600000E+03 , 5.0000000E+01 , 2.0000000E+01 , 0.0000000E+00 , P
       103 , +1.897252056E+12 , +0.000000000E+00 , +0.000000000E+00 , 1.7600000E+03 , 5.0000000E+01 , 2.0000000E+01 , 0.0000000E+00 , P
       104 , +1.987597392E+12 , +0.000000000E+00 , +0.000000000E+00 , 1.7600000E+03 , 5.0000000E+01 , 2.0000000E+01 , 0.0000000E+00 , P
       105 , +2.077942728E+12 , +0.000000000E+00 , +0.000000000E+00 , 1.7600000E+03 , 5.0000000E+01 , 2.0000000E+01 , 0.0000000E+00 , P
       106 , +2.168288064E+12 , +0.000000000E+00 , +0.000000000E+00 , 1.7600000E+03 , 5.0000000E+01 , 2.0000000E+01 , 0.0000000E+00 , P
       107 , +2.258633400E+12 , +0.000000000E+00 , +0.000000000E+00 , 1.7600000E+03 , 5.0000000E+01 , 2.0000000E+01 , 0.0000000E+00 , P
       108 , +2.348978736E+12 , +0.000000000E+00 , +0.000000000E+00 , 1.7600000E+03 , 5.0000000E+01 , 2.0000000E+01 , 0.0000000E+00 , P
       109 , +2.439324072E+12 , +0.000000000E+00 , +0.000000000E+00 , 1.7600000E+03 , 5.0000000E+01 , 2.0000000E+01 , 0.0000000E+00 , P
       110 , +2.529669408E+12 , +0.000000000E+00 , +0.000000000E+00 , 1.7600000E+03 , 5.0000000E+01 , 2.0000000E+01 , 0.0000000E+00 , P
       111 , +2.620014744E+12 , +0.000000000E+00 , +0.000000000E+00 , 1.7600000E+03 , 5.0000000E+01 , 2.0000000E+01 , 0.0000000E+00 , P
       112 , +2.710360080E+12 , +0.000000000E+00 , +0.000000000E+00 , 1.7600000E+03 , 5.0000000E+01 , 2.0000000E+01 , 0.0000000E+00 , P
       113 , +2.800705416E+12 , +0.000000000E+00 , +0.000000000E+00 , 1.7600000E+03 , 5.0000000E+01 , 2.0000000E+01 , 0.0000000E+00 , P
       114 , +2.891050752E+12 , +0.000000000E+00 , +0.000000000E+00 , 1.7600000E+03 , 5.0000000E+01 , 2.0000000E+01 , 0.0000000E+00 , P
       115 , +2.981396088E+12 , +0.000000000E+00 , +0.000000000E+00 , 1.7600000E+03 , 5.0000000E+01 , 2.0000000E+01 , 0.0000000E+00 , P
       116 , +3.071741424E+12 , +0.000000000E+00 , +0.000000000E+00 , 1.7600000E+03 , 5.0000000E+01 , 2.0000000E+01 , 0.0000000E+00 , P
       117 , +3.162086760E+12 , +0.000000000E+00 , +0.000000000E+00 , 1.7600000E+03 , 5.0000000E+01 , 2.0000000E+01 , 0.0000000E+00 , P
       118 , +3.252432096E+12 , +0.000000000E+00 , +0.000000000E+00 , 1.7600000E+03 , 5.0000000E+01 , 2.0000000E+01 , 0.0000000E+00 , P
       119 , +3.342777432E+12 , +0.000000000E+00 , +0.000000000E+00 , 1.7600000E+03 , 5.0000000E+01 , 2.0000000E+01 , 0.0000000E+00 , P
       120 , +3.433122768E+12 , +0.000000000E+00 , +0.000000000E+00 , 1.7600000E+03 , 5.0000000E+01 , 2.0000000E+01 , 0.0000000E+00 , P
       121 , +3.523468104E+12 , +0.000000000E+00 , +0.000000000E+00 , 1.7600000E+03 , 5.0000000E+01 , 2.0000000E+01 , 0.0000000E+00 , P
       122 , +3.613813440E+12 , +0.000000000E+00 , +0.000000000E+00 , 1.7600000E+03 , 5.0000000E+01 , 2.0000000E+01 , 0.0000000E+00 , P
       123 , +3.704158777E+12 , +0.000000000E+00 , +0.000000000E+00 , 1.7600000E+03 , 5.0000000E+01 , 2.0000000E+01 , 0.0000000E+00 , P
       124 , +3.794504113E+12 , +0.000000000E+00 , +0.000000000E+00 , 1.7600000E+03 , 5.0000000E+01 , 2.0000000E+01 , 0.0000000E+00 , P
       125 , +3.884849449E+12 , +0.000000000E+00 , +0.000000000E+00 , 1.7600000E+03 , 5.0000000E+01 , 2.0000000E+01 , 0.0000000E+00 , P
       126 , +3.975194785E+12 , +0.000000000E+00 , +0.000000000E+00 , 1.7600000E+03 , 5.0000000E+01 , 2.0000000E+01 , 0.0000000E+00 , P
       127 , +4.065540121E+12 , +0.000000000E+00 , +0.000000000E+00 , 1.7600000E+03 , 5.0000000E+01 , 2.0000000E+01 , 0.0000000E+00 , P
       128 , +4.155885457E+12 , +0.000000000E+00 , +0.000000000E+00 , 1.7600000E+03 , 5.0000000E+01 , 2.0000000E+01 , 0.0000000E+00 , P
       129 , +4.246230793E+12 , +0.000000000E+00 , +0.000000000E+00 , 1.7600000E+03 , 5.0000000E+01 , 2.0000000E+01 , 0.0000000E+00 , P
       130 , +4.336576129E+12 , +0.000000000E+00 , +0.000000000E+00 , 1.7600000E+03 , 5.0000000E+01 , 2.0000000E+01 , 0.0000000E+00 , P
       131 , +4.426921465E+12 , +0.000000000E+00 , +0.000000000E+00 , 1.7600000E+03 , 5.0000000E+01 , 2.0000000E+01 , 0.0000000E+00 , P
       132 , +4.517266801E+12 , +0.000000000E+00 , +0.000000000E+00 , 1.7600000E+03 , 5.0000000E+01 , 2.0000000E+01 , 0.0000000E+00 , P
       133 , +4.607612137E+12 , +0.000000000E+00 , +0.000000000E+00 , 1.7600000E+03 , 5.0000000E+01 , 2.0000000E+01 , 0.0000000E+00 , P
       134 , +4.697957473E+12 , +0.000000000E+00 , +0.000000000E+00 , 1.7600000E+03 , 5.0000000E+01 , 2.0000000E+01 , 0.0000000E+00 , P
       135 , +4.788302809E+12 , +0.000000000E+00 , +0.000000000E+00 , 1.7600000E+03 , 5.0000000E+01 , 2.0000000E+01 , 0.0000000E+00 , P
       136 , +4.878648145E+12 , +0.000000000E+00 , +0.000000000E+00 , 1.7600000E+03 , 5.0000000E+01 , 2.0000000E+01 , 0.0000000E+00 , P
       137 , +4.968993481E+12 , +0.000000000E+00 , +0.000000000E+00 , 1.7600000E+03 , 5.0000000E+01 , 2.0000000E+01 , 0.0000000E+00 , P
       138 , +5.059338817E+12 , +0.000000000E+00 , +0.000000000E+00 , 1.7600000E+03 , 5.0000000E+01 , 2.0000000E+01 , 0.0000000E+00 , P
       139 , +5.149684153E+12 , +0.000000000E+00 , +0.000000000E+00 , 1.7600000E+03 , 5.0000000E+01 , 2.0000000E+01 , 0.0000000E+00 , P
       140 , +5.240029489E+12 , +0.000000000E+00 , +0.000000000E+00 , 1.7600000E+03 , 5.0000000E+01 , 2.0000000E+01 , 0.0000000E+00 , P
       141 , +5.330374825E+12 , +0.000000000E+00 , +0.000000000E+00 , 1.7600000E+03 , 5.0000000E+01 , 2.0000000E+01 , 0.0000000E+00 , P
       142 , +5.420720161E+12 , +0.000000000E+00 , +0.000000000E+00 , 1.7600000E+03 , 5.0000000E+01 , 2.0000000E+01 , 0.0000000E+00 , P
       143 , +5.511065497E+12 , +0.000000000E+00 , +0.000000000E+00 , 1.7600000E+03 , 5.0000000E+01 , 2.0000000E+01 , 0.0000000E+00 , P
       144 , +5.601410833E+12 , +0.000000000E+00 , +0.000000000E+00 , 1.7600000E+03 , 5.0000000E+01 , 2.0000000E+01 , 0.0000000E+00 , P
       145 , +5.691756169E+12 , +0.000000000E+00 , +0.000000000E+00 , 1.7600000E+03 , 5.0000000E+01 , 2.0000000E+01 , 0.0000000E+00 , P
       146 , +5.782101505E+12 , +0.000000000E+00 , +0.000000000E+00 , 1.7600000E+03 , 5.0000000E+01 , 2.0000000E+01 , 0.0000000E+00 , P
       147 , +5.872446841E+12 , +0.000000000E+00 , +0.000000000E+00 , 1.7600000E+03 , 5.0000000E+01 , 2.0000000E+01 , 0.0000000E+00 , P
       148 , +5.962792177E+12 , +0.000000000E+00 , +0.000000000E+00 , 1.7600000E+03 , 5.0000000E+01 , 2.0000000E+01 , 0.0000000E+00 , P
       149 , +6.053137513E+12 , +0.000000000E+00 , +0.000000000E+00 , 1.7600000E+03 , 5.0000000E+01 , 2.0000000E+01 , 0.0000000E+00 , P
       150 , +6.143482849E+12 , +0.000000000E+00 , +0.000000000E+00 , 1.7600000E+03 , 5.0000000E+01 , 2.0000000E+01 , 0.0000000E+00 , P
       151 , +6.233828185E+12 , +0.000000000E+00 , +0.000000000E+00 , 1.7600000E+03 , 5.0000000E+01 , 2.0000000E+01 , 0.0000000E+00 , P
       152 , +6.324173521E+12 , +0.000000000E+00 , +0.000000000E+00 , 1.7600000E+03 , 5.0000000E+01 , 2.0000000E+01 , 0.0000000E+00 , P
       153 , +6.414518857E+12 , +0.000000000E+00 , +0.000000000E+00 , 1.7600000E+03 , 5.0000000E+01 , 2.0000000E+01 , 0.0000000E+00 , P
       154 , +6.504864193E+12 , +0.000000000E+00 , +0.000000000E+00 , 1.7600000E+03 , 5.0000000E+01 , 2.0000000E+01 , 0.0000000E+00 , P
       155 , +6.595209529E+12 , +0.000000000E+00 , +0.000000000E+00 , 1.7600000E+03 , 5.0000000E+01 , 2.0000000E+01 , 0.0000000E+00 , P
       156 , +6.685554865E+12 , +0.000000000E+00 , +0.000000000E+00 , 1.7600000E+03 , 5.0000000E+01 , 2.0000000E+01 , 0.0000000E+00 , P
       157 , +6.775900201E+12 , +0.000000000E+00 , +0.000000000E+00 , 1.7600000E+03 , 5.0000000E+01 , 2.0000000E+01 , 0.0000000E+00 , P
       158 , +6.866245537E+12 , +0.000000000E+00 , +0.000000000E+00 , 1.7600000E+03 , 5.0000000E+01 , 2.0000000E+01 , 0.0000000E+00 , P
       159 , +6.956590873E+12 , +0.000000000E+00 , +0.000000000E+00 , 1.7600000E+03 , 5.0000000E+01 , 2.0000000E+01 , 0.0000000E+00 , P
       160 , +7.046936209E+12 , +0.000000000E+00 , +0.000000000E+00 , 1.7600000E+03 , 5.0000000E+01 , 2.0000000E+01 , 0.0000000E+00 , P
       161 , +7.137281545E+12 , +0.000000000E+00 , +0.000000000E+00 , 1.7600000E+03 , 5.0000000E+01 , 2.0000000E+01 , 0.0000000E+00 , P
       162 , +7.227626881E+12 , +0.000000000E+00 , +0.000000000E+00 , 1.7600000E+03 , 5.0000000E+01 , 2.0000000E+01 , 0.0000000E+00 , P
       163 , +7.317972217E+12 , +0.000000000E+00 , +0.000000000E+00 , 1.7600000E+03 , 5.0000000E+01 , 2.0000000E+01 , 0.0000000E+00 , P
       164 , +7.408317553E+12 , +0.000000000E+00 , +0.000000000E+00 , 1.7600000E+03 , 5.0000000E+01 , 2.0000000E+01 , 0.0000000E+00 , P
       165 , +7.498662889E+12 , +0.000000000E+00 , +0.000000000E+00 , 1.7600000E+03 , 5.0000000E+01 , 2.0000000E+01 , 0.0000000E+00 , P
       166 , +7.589008225E+12 , +0.000000000E+00 , +0.000000000E+00 , 1.7600000E+03 , 5.0000000E+01 , 2.0000000E+01 , 0.0000000E+00 , P
       167 , +7.679353561E+12 , +0.000000000E+00 , +0.000000000E+00 , 1.7600000E+03 , 5.0000000E+01 , 2.0000000E+01 , 0.0000000E+00 , P
       168 , +7.769698897E+12 , +0.000000000E+00 , +0.000000000E+00 , 1.7600000E+03 , 5.0000000E+01 , 2.0000000E+01 , 0.0000000E+00 , P
       169 , +7.860044233E+12 , +0.000000000E+00 , +0.000000000E+00 , 1.7600000E+03 , 5.0000000E+01 , 2.0000000E+01 , 0.0000000E+00 , P
       170 , +7.950389569E+12 , +0.000000000E+00 , +0.000000000E+00 , 1.7600000E+03 , 5.0000000E+01 , 2.0000000E+01 , 0.0000000E+00 , P
       171 , +8.040734905E+12 , +0.000000000E+00 , +0.000000000E+00 , 1.7600000E+03 , 5.0000000E+01 , 2.0000000E+01 , 0.0000000E+00 , P
       172 , +8.131080241E+12 , +0.000000000E+00 , +0.000000000E+00 , 1.7600000E+03 , 5.0000000E+01 , 2.0000000E+01 , 0.0000000E+00 , P
       173 , +8.221425577E+12 , +0.000000000E+00 , +0.000000000E+00 , 1.7600000E+03 , 5.0000000E+01 , 2.0000000E+01 , 0.0000000E+00 , P
       174 , +8.311770913E+12 , +0.000000000E+00 , +0.000000000E+00 , 1.7600000E+03 , 5.0000000E+01 , 2.0000000E+01 , 0.0000000E+00 , P
       175 , +8.402116249E+12 , +0.000000000E+00 , +0.000000000E+00 , 1.7600000E+03 , 5.0000000E+01 , 2.0000000E+01 , 0.0000000E+00 , P
       176 , +8.492461585E+12 , +0.000000000E+00 , +0.000000000E+00 , 1.7600000E+03 , 5.0000000E+01 , 2.0000000E+01 , 0.0000000E+00 , P
       177 , +8.582806921E+12 , +0.000000000E+00 , +0.000000000E+00 , 1.7600000E+03 , 5.0000000E+01 , 2.0000000E+01 , 0.0000000E+00 , P
       178 , +8.673152257E+12 , +0.000000000E+00 , +0.000000000E+00 , 1.7600000E+03 , 5.0000000E+01 , 2.0000000E+01 , 0.0000000E+00 , P
       179 , +8.763497593E+12 , +0.000000000E+00 , +0.000000000E+00 , 1.7600000E+03 , 5.0000000E+01 , 2.0000000E+01 , 0.0000000E+00 , P
       180 , +8.853842929E+12 , +0.000000000E+00 , +0.000000000E+00 , 1.7600000E+03 , 5.0000000E+01 , 2.0000000E+01 , 0.0000000E+00 , P
       181 , +8.944188265E+12 , +0.000000000E+00 , +0.000000000E+00 , 1.7600000E+03 , 5.0000000E+01 , 2.0000000E+01 , 0.0000000E+00 , P
       182 , +9.034533601E+12 , +0.000000000E+00 , +0.000000000E+00 , 1.7600000E+03 , 5.0000000E+01 , 2.0000000E+01 , 0.0000000E+00 , P
       183 , +9.937986961E+12 , +0.000000000E+00 , +0.000000000E+00 , 1.7600000E+03 , 5.0000000E+01 , 2.0000000E+01 , 0.0000000E+00 , P
       184 , +1.084144032E+13 , +0.000000000E+00 , +0.000000000E+00 , 1.7600000E+03 , 5.0000000E+01 , 2.0000000E+01 , 0.0000000E+00 , P
       185 , +1.174489368E+13 , +0.000000000E+00 , +0.000000000E+00 , 1.7600000E+03 , 5.0000000E+01 , 2.0000000E+01 , 0.0000000E+00 , P
       186 , +1.264834704E+13 , +0.000000000E+00 , +0.000000000E+00 , 1.7600000E+03 , 5.0000000E+01 , 2.0000000E+01 , 0.0000000E+00 , P
       187 , +1.355180040E+13 , +0.000000000E+00 , +0.000000000E+00 , 1.7600000E+03 , 5.0000000E+01 , 2.0000000E+01 , 0.0000000E+00 , P
       188 , +1.445525376E+13 , +0.000000000E+00 , +0.000000000E+00 , 1.7600000E+03 , 5.0000000E+01 , 2.0000000E+01 , 0.0000000E+00 , P
       189 , +1.535870712E+13 , +0.000000000E+00 , +0.000000000E+00 , 1.7600000E+03 , 5.0000000E+01 , 2.0000000E+01 , 0.0000000E+00 , P
       190 , +1.626216048E+13 , +0.000000000E+00 , +0.000000000E+00 , 1.7600000E+03 , 5.0000000E+01 , 2.0000000E+01 , 0.0000000E+00 , P
       191 , +1.716561384E+13 , +0.000000000E+00 , +0.000000000E+00 , 1.7600000E+03 , 5.0000000E+01 , 2.0000000E+01 , 0.0000000E+00 , P
       192 , +1.806906720E+13 , +0.000000000E+00 , +0.000000000E+00 , 1.7600000E+03 , 5.0000000E+01 , 2.0000000E+01 , 0.0000000E+00 , P
       193 , +1.897252056E+13 , +0.000000000E+00 , +0.000000000E+00 , 1.7600000E+03 , 5.0000000E+01 , 2.0000000E+01 , 0.0000000E+00 , P
       194 , +1.987597392E+13 , +0.000000000E+00 , +0.000000000E+00 , 1.7600000E+03 , 5.0000000E+01 , 2.0000000E+01 , 0.0000000E+00 , P
       195 , +2.077942728E+13 , +0.000000000E+00 , +0.000000000E+00 , 1.7600000E+03 , 5.0000000E+01 , 2.0000000E+01 , 0.0000000E+00 , P
       196 , +2.168288064E+13 , +0.000000000E+00 , +0.000000000E+00 , 1.7600000E+03 , 5.0000000E+01 , 2.0000000E+01 , 0.0000000E+00 , P
       197 , +2.258633400E+13 , +0.000000000E+00 , +0.000000000E+00 , 1.7600000E+03 , 5.0000000E+01 , 2.0000000E+01 , 0.0000000E+00 , P
       198 , +2.348978736E+13 , +0.000000000E+00 , +0.000000000E+00 , 1.7600000E+03 , 5.0000000E+01 , 2.0000000E+01 , 0.0000000E+00 , P
       199 , +2.439324072E+13 , +0.000000000E+00 , +0.000000000E+00 , 1.7600000E+03 , 5.0000000E+01 , 2.0000000E+01 , 0.0000000E+00 , P
       200 , +2.529669408E+13 , +0.000000000E+00 , +0.000000000E+00 , 1.7600000E+03 , 5.0000000E+01 , 2.0000000E+01 , 0.0000000E+00 , P
       201 , +2.620014744E+13 , +0.000000000E+00 , +0.000000000E+00 , 1.7600000E+03 , 5.0000000E+01 , 2.0000000E+01 , 0.0000000E+00 , P
       202 , +2.710360080E+13 , +0.000000000E+00 , +0.000000000E+00 , 1.7600000E+03 , 5.0000000E+01 , 2.0000000E+01 , 0.0000000E+00 , P
       203 , +2.800705416E+13 , +0.000000000E+00 , +0.000000000E+00 , 1.7600000E+03 , 5.0000000E+01 , 2.0000000E+01 , 0.0000000E+00 , P
       204 , +2.891050752E+13 , +0.000000000E+00 , +0.000000000E+00 , 1.7600000E+03 , 5.0000000E+01 , 2.0000000E+01 , 0.0000000E+00 , P
       205 , +2.981396088E+13 , +0.000000000E+00 , +0.000000000E+00 , 1.7600000E+03 , 5.0000000E+01 , 2.0000000E+01 , 0.0000000E+00 , P
       206 , +3.071741424E+13 , +0.000000000E+00 , +0.000000000E+00 , 1.7600000E+03 , 5.0000000E+01 , 2.0000000E+01 , 0.0000000E+00 , P
       207 , +3.162086760E+13 , +0.000000000E+00 , +0.000000000E+00 , 1.7600000E+03 , 5.0000000E+01 , 2.0000000E+01 , 0.0000000E+00 , P
       208 , +3.252432096E+13 , +0.000000000E+00 , +0.000000000E+00 , 1.7600000E+03 , 5.0000000E+01 , 2.0000000E+01 , 0.0000000E+00 , P
       209 , +3.342777432E+13 , +0.000000000E+00 , +0.000000000E+00 , 1.7600000E+03 , 5.0000000E+01 , 2.0000000E+01 , 0.0000000E+00 , P
       210 , +3.433122768E+13 , +0.000000000E+00 , +0.000000000E+00 , 1.7600000E+03 , 5.0000000E+01 , 2.0000000E+01 , 0.0000000E+00 , P
       211 , +3.523468104E+13 , +0.000000000E+00 , +0.000000000E+00 , 1.7600000E+03 , 5.0000000E+01 , 2.0000000E+01 , 0.0000000E+00 , P
       212 , +3.613813440E+13 , +0.000000000E+00 , +0.000000000E+00 , 1.7600000E+03 , 5.0000000E+01 , 2.0000000E+01 , 0.0000000E+00 , P
       213 , +3.704158777E+13 , +0.000000000E+00 , +0.000000000E+00 , 1.7600000E+03 , 5.0000000E+01 , 2.0000000E+01 , 0.0000000E+00 , P
       214 , +3.794504113E+13 , +0.000000000E+00 , +0.000000000E+00 , 1.7600000E+03 , 5.0000000E+01 , 2.0000000E+01 , 0.0000000E+00 , P
       215 , +3.884849449E+13 , +0.000000000E+00 , +0.000000000E+00 , 1.7600000E+03 , 5.0000000E+01 , 2.0000000E+01 , 0.0000000E+00 , P
       216 , +3.975194785E+13 , +0.000000000E+00 , +0.000000000E+00 , 1.7600000E+03 , 5.0000000E+01 , 2.0000000E+01 , 0.0000000E+00 , P
       217 , +4.065540121E+13 , +0.000000000E+00 , +0.000000000E+00 , 1.7600000E+03 , 5.0000000E+01 , 2.0000000E+01 , 0.0000000E+00 , P
       218 , +4.155885457E+13 , +0.000000000E+00 , +0.000000000E+00 , 1.7600000E+03 , 5.0000000E+01 , 2.0000000E+01 , 0.0000000E+00 , P
       219 , +4.246230793E+13 , +0.000000000E+00 , +0.000000000E+00 , 1.7600000E+03 , 5.0000000E+01 , 2.0000000E+01 , 0.0000000E+00 , P
       220 , +4.336576129E+13 , +0.000000000E+00 , +0.000000000E+00 , 1.7600000E+03 , 5.0000000E+01 , 2.0000000E+01 , 0.0000000E+00 , P
       221 , +4.426921465E+13 , +0.000000000E+00 , +0.000000000E+00 , 1.7600000E+03 , 5.0000000E+01 , 2.0000000E+01 , 0.0000000E+00 , P
       222 , +4.517266801E+13 , +0.000000000E+00 , +0.000000000E+00 , 1.7600000E+03 , 5.0000000E+01 , 2.0000000E+01 , 0.0000000E+00 , P
       223 , +4.607612137E+13 , +0.000000000E+00 , +0.000000000E+00 , 1.7600000E+03 , 5.0000000E+01 , 2.0000000E+01 , 0.0000000E+00 , P
       224 , +4.697957473E+13 , +0.000000000E+00 , +0.000000000E+00 , 1.7600000E+03 , 5.0000000E+01 , 2.0000000E+01 , 0.0000000E+00 , P
       225 , +4.788302809E+13 , +0.000000000E+00 , +0.000000000E+00 , 1.7600000E+03 , 5.0000000E+01 , 2.0000000E+01 , 0.0000000E+00 , P
       226 , +4.878648145E+13 , +0.000000000E+00 , +0.000000000E+00 , 1.7600000E+03 , 5.0000000E+01 , 2.0000000E+01 , 0.0000000E+00 , P
       227 , +4.968993481E+13 , +0.000000000E+00 , +0.000000000E+00 , 1.7600000E+03 , 5.0000000E+01 , 2.0000000E+01 , 0.0000000E+00 , P
       228 , +5.059338817E+13 , +0.000000000E+00 , +0.000000000E+00 , 1.7600000E+03 , 5.0000000E+01 , 2.0000000E+01 , 0.0000000E+00 , P
       229 , +5.149684153E+13 , +0.000000000E+00 , +0.000000000E+00 , 1.7600000E+03 , 5.0000000E+01 , 2.0000000E+01 , 0.0000000E+00 , P
       230 , +5.240029489E+13 , +0.000000000E+00 , +0.000000000E+00 , 1.7600000E+03 , 5.0000000E+01 , 2.0000000E+01 , 0.0000000E+00 , P
       231 , +5.330374825E+13 , +0.000000000E+00 , +0.000000000E+00 , 1.7600000E+03 , 5.0000000E+01 , 2.0000000E+01 , 0.0000000E+00 , P
       232 , +5.420720161E+13 , +0.000000000E+00 , +0.000000000E+00 , 1.7600000E+03 , 5.0000000E+01 , 2.0000000E+01 , 0.0000000E+00 , P
       233 , +5.511065497E+13 , +0.000000000E+00 , +0.000000000E+00 , 1.7600000E+03 , 5.0000000E+01 , 2.0000000E+01 , 0.0000000E+00 , P
       234 , +5.601410833E+13 , +0.000000000E+00 , +0.000000000E+00 , 1.7600000E+03 , 5.0000000E+01 , 2.0000000E+01 , 0.0000000E+00 , P
       235 , +5.691756169E+13 , +0.000000000E+00 , +0.000000000E+00 , 1.7600000E+03 , 5.0000000E+01 , 2.0000000E+01 , 0.0000000E+00 , P
       236 , +5.782101505E+13 , +0.000000000E+00 , +0.000000000E+00 , 1.7600000E+03 , 5.0000000E+01 , 2.0000000E+01 , 0.0000000E+00 , P
       237 , +5.872446841E+13 , +0.000000000E+00 , +0.000000000E+00 , 1.7600000E+03 , 5.0000000E+01 , 2.0000000E+01 , 0.0000000E+00 , P
       238 , +5.962792177E+13 , +0.000000000E+00 , +0.000000000E+00 , 1.7600000E+03 , 5.0000000E+01 , 2.0000000E+01 , 0.0000000E+00 , P
       239 , +6.053137513E+13 , +0.000000000E+00 , +0.000000000E+00 , 1.7600000E+03 , 5.0000000E+01 , 2.0000000E+01 , 0.0000000E+00 , P
       240 , +6.143482849E+13 , +0.000000000E+00 , +0.000000000E+00 , 1.7600000E+03 , 5.0000000E+01 , 2.0000000E+01 , 0.0000000E+00 , P
       241 , +6.233828185E+13 , +0.000000000E+00 , +0.000000000E+00 , 1.7600000E+03 , 5.0000000E+01 , 2.0000000E+01 , 0.0000000E+00 , P
       242 , +6.324173521E+13 , +0.000000000E+00 , +0.000000000E+00 , 1.7600000E+03 , 5.0000000E+01 , 2.0000000E+01 , 0.0000000E+00 , P
       243 , +6.414518857E+13 , +0.000000000E+00 , +0.000000000E+00 , 1.7600000E+03 , 5.0000000E+01 , 2.0000000E+01 , 0.0000000E+00 , P
       244 , +6.504864193E+13 , +0.000000000E+00 , +0.000000000E+00 , 1.7600000E+03 , 5.0000000E+01 , 2.0000000E+01 , 0.0000000E+00 , P
       245 , +6.595209529E+13 , +0.000000000E+00 , +0.000000000E+00 , 1.7600000E+03 , 5.0000000E+01 , 2.0000000E+01 , 0.0000000E+00 , P
       246 , +6.685554865E+13 , +0.000000000E+00 , +0.000000000E+00 , 1.7600000E+03 , 5.0000000E+01 , 2.0000000E+01 , 0.0000000E+00 , P
       247 , +6.775900201E+13 , +0.000000000E+00 , +0.000000000E+00 , 1.7600000E+03 , 5.0000000E+01 , 2.0000000E+01 , 0.0000000E+00 , P
       248 , +6.866245537E+13 , +0.000000000E+00 , +0.000000000E+00 , 1.7600000E+03 , 5.0000000E+01 , 2.0000000E+01 , 0.0000000E+00 , P
       249 , +6.956590873E+13 , +0.000000000E+00 , +0.000000000E+00 , 1.7600000E+03 , 5.0000000E+01 , 2.0000000E+01 , 0.0000000E+00 , P
       250 , +7.046936209E+13 , +0.000000000E+00 , +0.000000000E+00 , 1.7600000E+03 , 5.0000000E+01 , 2.0000000E+01 , 0.0000000E+00 , P
       251 , +7.137281545E+13 , +0.000000000E+00 , +0.000000000E+00 , 1.7600000E+03 , 5.0000000E+01 , 2.0000000E+01 , 0.0000000E+00 , P
       252 , +7.227626881E+13 , +0.000000000E+00 , +0.000000000E+00 , 1.7600000E+03 , 5.0000000E+01 , 2.0000000E+01 , 0.0000000E+00 , P
       253 , +7.317972217E+13 , +0.000000000E+00 , +0.000000000E+00 , 1.7600000E+03 , 5.0000000E+01 , 2.0000000E+01 , 0.0000000E+00 , P
       254 , +7.408317553E+13 , +0.000000000E+00 , +0.000000000E+00 , 1.7600000E+03 , 5.0000000E+01 , 2.0000000E+01 , 0.0000000E+00 , P
       255 , +7.498662889E+13 , +0.000000000E+00 , +0.000000000E+00 , 1.7600000E+03 , 5.0000000E+01 , 2.0000000E+01 , 0.0000000E+00 , P
       256 , +7.589008225E+13 , +0.000000000E+00 , +0.000000000E+00 , 1.7600000E+03 , 5.0000000E+01 , 2.0000000E+01 , 0.0000000E+00 , P
       257 , +7.679353561E+13 , +0.000000000E+00 , +0.000000000E+00 , 1.7600000E+03 , 5.0000000E+01 , 2.0000000E+01 , 0.0000000E+00 , P
       258 , +7.769698897E+13 , +0.000000000E+00 , +0.000000000E+00 , 1.7600000E+03 , 5.0000000E+01 , 2.0000000E+01 , 0.0000000E+00 , P
       259 , +7.860044233E+13 , +0.000000000E+00 , +0.000000000E+00 , 1.7600000E+03 , 5.0000000E+01 , 2.0000000E+01 , 0.0000000E+00 , P
       260 , +7.950389569E+13 , +0.000000000E+00 , +0.000000000E+00 , 1.7600000E+03 , 5.0000000E+01 , 2.0000000E+01 , 0.0000000E+00 , P
       261 , +8.040734905E+13 , +0.000000000E+00 , +0.000000000E+00 , 1.7600000E+03 , 5.0000000E+01 , 2.0000000E+01 , 0.0000000E+00 , P
       262 , +8.131080241E+13 , +0.000000000E+00 , +0.000000000E+00 , 1.7600000E+03 , 5.0000000E+01 , 2.0000000E+01 , 0.0000000E+00 , P
       263 , +8.221425577E+13 , +0.000000000E+00 , +0.000000000E+00 , 1.7600000E+03 , 5.0000000E+01 , 2.0000000E+01 , 0.0000000E+00 , P
       264 , +8.311770913E+13 , +0.000000000E+00 , +0.000000000E+00 , 1.7600000E+03 , 5.0000000E+01 , 2.0000000E+01 , 0.0000000E+00 , P
       265 , +8.402116249E+13 , +0.000000000E+00 , +0.000000000E+00 , 1.7600000E+03 , 5.0000000E+01 , 2.0000000E+01 , 0.0000000E+00 , P
       266 , +8.492461585E+13 , +0.000000000E+00 , +0.000000000E+00 , 1.7600000E+03 , 5.0000000E+01 , 2.0000000E+01 , 0.0000000E+00 , P
       267 , +8.582806921E+13 , +0.000000000E+00 , +0.000000000E+00 , 1.7600000E+03 , 5.0000000E+01 , 2.0000000E+01 , 0.0000000E+00 , P
       268 , +8.673152257E+13 , +0.000000000E+00 , +0.000000000E+00 , 1.7600000E+03 , 5.0000000E+01 , 2.0000000E+01 , 0.0000000E+00 , P
       269 , +8.763497593E+13 , +0.000000000E+00 , +0.000000000E+00 , 1.7600000E+03 , 5.0000000E+01 , 2.0000000E+01 , 0.0000000E+00 , P
       270 , +8.853842929E+13 , +0.000000000E+00 , +0.000000000E+00 , 1.7600000E+03 , 5.0000000E+01 , 2.0000000E+01 , 0.0000000E+00 , P
       271 , +8.944188265E+13 , +0.000000000E+00 , +0.000000000E+00 , 1.7600000E+03 , 5.0000000E+01 , 2.0000000E+01 , 0.0000000E+00 , P
       272 , +9.034533601E+13 , +0.000000000E+00 , +0.000000000E+00 , 1.7600000E+03 , 5.0000000E+01 , 2.0000000E+01 , 0.0000000E+00 , P
       273 , +9.937986961E+13 , +0.000000000E+00 , +0.000000000E+00 , 1.7600000E+03 , 5.0000000E+01 , 2.0000000E+01 , 0.0000000E+00 , P
       274 , +1.084144032E+14 , +0.000000000E+00 , +0.000000000E+00 , 1.7600000E+03 , 5.0000000E+01 , 2.0000000E+01 , 0.0000000E+00 , P
       275 , +1.174489368E+14 , +0.000000000E+00 , +0.000000000E+00 , 1.7600000E+03 , 5.0000000E+01 , 2.0000000E+01 , 0.0000000E+00 , P
       276 , +1.264834704E+14 , +0.000000000E+00 , +0.000000000E+00 , 1.7600000E+03 , 5.0000000E+01 , 2.0000000E+01 , 0.0000000E+00 , P
       277 , +1.355180040E+14 , +0.000000000E+00 , +0.000000000E+00 , 1.7600000E+03 , 5.0000000E+01 , 2.0000000E+01 , 0.0000000E+00 , P
       278 , +1.445525376E+14 , +0.000000000E+00 , +0.000000000E+00 , 1.7600000E+03 , 5.0000000E+01 , 2.0000000E+01 , 0.0000000E+00 , P
       279 , +1.535870712E+14 , +0.000000000E+00 , +0.000000000E+00 , 1.7600000E+03 , 5.0000000E+01 , 2.0000000E+01 , 0.0000000E+00 , P
       280 , +1.626216048E+14 , +0.000000000E+00 , +0.000000000E+00 , 1.7600000E+03 , 5.0000000E+01 , 2.0000000E+01 , 0.0000000E+00 , P
       281 , +1.716561384E+14 , +0.000000000E+00 , +0.000000000E+00 , 1.7600000E+03 , 5.0000000E+01 , 2.0000000E+01 , 0.0000000E+00 , P
       282 , +1.806906720E+14 , +0.000000000E+00 , +0.000000000E+00 , 1.7600000E+03 , 5.0000000E+01 , 2.0000000E+01 , 0.0000000E+00 , P
       283 , +1.897252056E+14 , +0.000000000E+00 , +0.000000000E+00 , 1.7600000E+03 , 5.0000000E+01 , 2.0000000E+01 , 0.0000000E+00 , P
       284 , +1.987597392E+14 , +0.000000000E+00 , +0.000000000E+00 , 1.7600000E+03 , 5.0000000E+01 , 2.0000000E+01 , 0.0000000E+00 , P
       285 , +2.077942728E+14 , +0.000000000E+00 , +0.000000000E+00 , 1.7600000E+03 , 5.0000000E+01 , 2.0000000E+01 , 0.0000000E+00 , P
       286 , +2.168288064E+14 , +0.000000000E+00 , +0.000000000E+00 , 1.7600000E+03 , 5.0000000E+01 , 2.0000000E+01 , 0.0000000E+00 , P
       287 , +2.258633400E+14 , +0.000000000E+00 , +0.000000000E+00 , 1.7600000E+03 , 5.0000000E+01 , 2.0000000E+01 , 0.0000000E+00 , P
       288 , +2.348978736E+14 , +0.000000000E+00 , +0.000000000E+00 , 1.7600000E+03 , 5.0000000E+01 , 2.0000000E+01 , 0.0000000E+00 , P
       289 , +2.439324072E+14 , +0.000000000E+00 , +0.000000000E+00 , 1.7600000E+03 , 5.0000000E+01 , 2.0000000E+01 , 0.0000000E+00 , P
       290 , +2.529669408E+14 , +0.000000000E+00 , +0.000000000E+00 , 1.7600000E+03 , 5.0000000E+01 , 2.0000000E+01 , 0.0000000E+00 , P
       291 , +2.620014744E+14 , +0.000000000E+00 , +0.000000000E+00 , 1.7600000E+03 , 5.0000000E+01 , 2.0000000E+01 , 0.0000000E+00 , P
       292 , +2.710360080E+14 , +0.000000000E+00 , +0.000000000E+00 , 1.7600000E+03 , 5.0000000E+01 , 2.0000000E+01 , 0.0000000E+00 , P
       293 , +2.800705416E+14 , +0.000000000E+00 , +0.000000000E+00 , 1.7600000E+03 , 5.0000000E+01 , 2.0000000E+01 , 0.0000000E+00 , P
       294 , +2.891050752E+14 , +0.000000000E+00 , +0.000000000E+00 , 1.7600000E+03 , 5.0000000E+01 , 2.0000000E+01 , 0.0000000E+00 , P
       295 , +2.981396088E+14 , +0.000000000E+00 , +0.000000000E+00 , 1.7600000E+03 , 5.0000000E+01 , 2.0000000E+01 , 0.0000000E+00 , P
       296 , +3.071741424E+14 , +0.000000000E+00 , +0.000000000E+00 , 1.7600000E+03 , 5.0000000E+01 , 2.0000000E+01 , 0.0000000E+00 , P
       297 , +3.162086760E+14 , +0.000000000E+00 , +0.000000000E+00 , 1.7600000E+03 , 5.0000000E+01 , 2.0000000E+01 , 0.0000000E+00 , P
       298 , +3.252432096E+14 , +0.000000000E+00 , +0.000000000E+00 , 1.7600000E+03 , 5.0000000E+01 , 2.0000000E+01 , 0.0000000E+00 , P
       299 , +3.342777432E+14 , +0.000000000E+00 , +0.000000000E+00 , 1.7600000E+03 , 5.0000000E+01 , 2.0000000E+01 , 0.0000000E+00 , P
       300 , +3.433122768E+14 , +0.000000000E+00 , +0.000000000E+00 , 1.7600000E+03 , 5.0000000E+01 , 2.0000000E+01 , 0.0000000E+00 , P
       301 , +3.523468104E+14 , +0.000000000E+00 , +0.000000000E+00 , 1.7600000E+03 , 5.0000000E+01 , 2.0000000E+01 , 0.0000000E+00 , P
       302 , +3.613813440E+14 , +0.000000000E+00 , +0.000000000E+00 , 1.7600000E+03 , 5.0000000E+01 , 2.0000000E+01 , 0.0000000E+00 , P
       303 , +3.704158777E+14 , +0.000000000E+00 , +0.000000000E+00 , 1.7600000E+03 , 5.0000000E+01 , 2.0000000E+01 , 0.0000000E+00 , P
       304 , +3.794504113E+14 , +0.000000000E+00 , +0.000000000E+00 , 1.7600000E+03 , 5.0000000E+01 , 2.0000000E+01 , 0.0000000E+00 , P
       305 , +3.884849449E+14 , +0.000000000E+00 , +0.000000000E+00 , 1.7600000E+03 , 5.0000000E+01 , 2.0000000E+01 , 0.0000000E+00 , P
       306 , +3.975194785E+14 , +0.000000000E+00 , +0.000000000E+00 , 1.7600000E+03 , 5.0000000E+01 , 2.0000000E+01 , 0.0000000E+00 , P
       307 , +4.065540121E+14 , +0.000000000E+00 , +0.000000000E+00 , 1.7600000E+03 , 5.0000000E+01 , 2.0000000E+01 , 0.0000000E+00 , P
       308 , +4.155885457E+14 , +0.000000000E+00 , +0.000000000E+00 , 1.7600000E+03 , 5.0000000E+01 , 2.0000000E+01 , 0.0000000E+00 , P
       309 , +4.246230793E+14 , +0.000000000E+00 , +0.000000000E+00 , 1.7600000E+03 , 5.0000000E+01 , 2.0000000E+01 , 0.0000000E+00 , P
       310 , +4.336576129E+14 , +0.000000000E+00 , +0.000000000E+00 , 1.7600000E+03 , 5.0000000E+01 , 2.0000000E+01 , 0.0000000E+00 , P
       311 , +4.426921465E+14 , +0.000000000E+00 , +0.000000000E+00 , 1.7600000E+03 , 5.0000000E+01 , 2.0000000E+01 , 0.0000000E+00 , P
       312 , +4.517266801E+14 , +0.000000000E+00 , +0.000000000E+00 , 1.7600000E+03 , 5.0000000E+01 , 2.0000000E+01 , 0.0000000E+00 , P
       313 , +4.607612137E+14 , +0.000000000E+00 , +0.000000000E+00 , 1.7600000E+03 , 5.0000000E+01 , 2.0000000E+01 , 0.0000000E+00 , P
       314 , +4.697957473E+14 , +0.000000000E+00 , +0.000000000E+00 , 1.7600000E+03 , 5.0000000E+01 , 2.0000000E+01 , 0.0000000E+00 , P
       315 , +4.788302809E+14 , +0.000000000E+00 , +0.000000000E+00 , 1.7600000E+03 , 5.0000000E+01 , 2.0000000E+01 , 0.0000000E+00 , P
       316 , +4.878648145E+14 , +0.000000000E+00 , +0.000000000E+00 , 1.7600000E+03 , 5.0000000E+01 , 2.0000000E+01 , 0.0000000E+00 , P
       317 , +4.968993481E+14 , +0.000000000E+00 , +0.000000000E+00 , 1.7600000E+03 , 5.0000000E+01 , 2.0000000E+01 , 0.0000000E+00 , P
       318 , +5.059338817E+14 , +0.000000000E+00 , +0.000000000E+00 , 1.7600000E+03 , 5.0000000E+01 , 2.0000000E+01 , 0.0000000E+00 , P
       319 , +5.149684153E+14 , +0.000000000E+00 , +0.000000000E+00 , 1.7600000E+03 , 5.0000000E+01 , 2.0000000E+01 , 0.0000000E+00 , P
       320 , +5.240029489E+14 , +0.000000000E+00 , +0.000000000E+00 , 1.7600000E+03 , 5.0000000E+01 , 2.0000000E+01 , 0.0000000E+00 , P
       321 , +5.330374825E+14 , +0.000000000E+00 , +0.000000000E+00 , 1.7600000E+03 , 5.0000000E+01 , 2.0000000E+01 , 0.0000000E+00 , P
       322 , +5.420720161E+14 , +0.000000000E+00 , +0.000000000E+00 , 1.7600000E+03 , 5.0000000E+01 , 2.0000000E+01 , 0.0000000E+00 , P
       323 , +5.511065497E+14 , +0.000000000E+00 , +0.000000000E+00 , 1.7600000E+03 , 5.0000000E+01 , 2.0000000E+01 , 0.0000000E+00 , P
       324 , +5.601410833E+14 , +0.000000000E+00 , +0.000000000E+00 , 1.7600000E+03 , 5.0000000E+01 , 2.0000000E+01 , 0.0000000E+00 , P
       325 , +5.691756169E+14 , +0.000000000E+00 , +0.000000000E+00 , 1.7600000E+03 , 5.0000000E+01 , 2.0000000E+01 , 0.0000000E+00 , P
       326 , +5.782101505E+14 , +0.000000000E+00 , +0.000000000E+00 , 1.7600000E+03 , 5.0000000E+01 , 2.0000000E+01 , 0.0000000E+00 , P
       327 , +5.872446841E+14 , +0.000000000E+00 , +0.000000000E+00 , 1.7600000E+03 , 5.0000000E+01 , 2.0000000E+01 , 0.0000000E+00 , P
       328 , +5.962792177E+14 , +0.000000000E+00 , +0.000000000E+00 , 1.7600000E+03 , 5.0000000E+01 , 2.0000000E+01 , 0.0000000E+00 , P
       329 , +6.053137513E+14 , +0.000000000E+00 , +0.000000000E+00 , 1.7600000E+03 , 5.0000000E+01 , 2.0000000E+01 , 0.0000000E+00 , P
       330 , +6.143482849E+14 , +0.000000000E+00 , +0.000000000E+00 , 1.7600000E+03 , 5.0000000E+01 , 2.0000000E+01 , 0.0000000E+00 , P
       331 , +6.233828185E+14 , +0.000000000E+00 , +0.000000000E+00 , 1.7600000E+03 , 5.0000000E+01 , 2.0000000E+01 , 0.0000000E+00 , P
       332 , +6.324173521E+14 , +0.000000000E+00 , +0.000000000E+00 , 1.7600000E+03 , 5.0000000E+01 , 2.0000000E+01 , 0.0000000E+00 , P
       333 , +6.414518857E+14 , +0.000000000E+00 , +0.000000000E+00 , 1.7600000E+03 , 5.0000000E+01 , 2.0000000E+01 , 0.0000000E+00 , P
       334 , +6.504864193E+14 , +0.000000000E+00 , +0.000000000E+00 , 1.7600000E+03 , 5.0000000E+01 , 2.0000000E+01 , 0.0000000E+00 , P
       335 , +6.595209529E+14 , +0.000000000E+00 , +0.000000000E+00 , 1.7600000E+03 , 5.0000000E+01 , 2.0000000E+01 , 0.0000000E+00 , P
       336 , +6.685554865E+14 , +0.000000000E+00 , +0.000000000E+00 , 1.7600000E+03 , 5.0000000E+01 , 2.0000000E+01 , 0.0000000E+00 , P
       337 , +6.775900201E+14 , +0.000000000E+00 , +0.000000000E+00 , 1.7600000E+03 , 5.0000000E+01 , 2.0000000E+01 , 0.0000000E+00 , P
       338 , +6.866245537E+14 , +0.000000000E+00 , +0.000000000E+00 , 1.7600000E+03 , 5.0000000E+01 , 2.0000000E+01 , 0.0000000E+00 , P
       339 , +6.956590873E+14 , +0.000000000E+00 , +0.000000000E+00 , 1.7600000E+03 , 5.0000000E+01 , 2.0000000E+01 , 0.0000000E+00 , P
       340 , +7.046936209E+14 , +0.000000000E+00 , +0.000000000E+00 , 1.7600000E+03 , 5.0000000E+01 , 2.0000000E+01 , 0.0000000E+00 , P
       341 , +7.137281545E+14 , +0.000000000E+00 , +0.000000000E+00 , 1.7600000E+03 , 5.0000000E+01 , 2.0000000E+01 , 0.0000000E+00 , P
       342 , +7.227626881E+14 , +0.000000000E+00 , +0.000000000E+00 , 1.7600000E+03 , 5.0000000E+01 , 2.0000000E+01 , 0.0000000E+00 , P
       343 , +7.317972217E+14 , +0.000000000E+00 , +0.000000000E+00 , 1.7600000E+03 , 5.0000000E+01 , 2.0000000E+01 , 0.0000000E+00 , P
       344 , +7.408317553E+14 , +0.000000000E+00 , +0.000000000E+00 , 1.7600000E+03 , 5.0000000E+01 , 2.0000000E+01 , 0.0000000E+00 , P
       345 , +7.498662889E+14 , +0.000000000E+00 , +0.000000000E+00 , 1.7600000E+03 , 5.0000000E+01 , 2.0000000E+01 , 0.0000000E+00 , P
       346 , +7.589008225E+14 , +0.000000000E+00 , +0.000000000E+00 , 1.7600000E+03 , 5.0000000E+01 , 2.0000000E+01 , 0.0000000E+00 , P
       347 , +7.679353561E+14 , +0.000000000E+00 , +0.000000000E+00 , 1.7600000E+03 , 5.0000000E+01 , 2.0000000E+01 , 0.0000000E+00 , P
       348 , +7.769698897E+14 , +0.000000000E+00 , +0.000000000E+00 , 1.7600000E+03 , 5.0000000E+01 , 2.0000000E+01 , 0.0000000E+00 , P
       349 , +7.860044233E+14 , +0.000000000E+00 , +0.000000000E+00 , 1.7600000E+03 , 5.0000000E+01 , 2.0000000E+01 , 0.0000000E+00 , P
       350 , +7.950389569E+14 , +0.000000000E+00 , +0.000000000E+00 , 1.7600000E+03 , 5.0000000E+01 , 2.0000000E+01 , 0.0000000E+00 , P
       351 , +8.040734905E+14 , +0.000000000E+00 , +0.000000000E+00 , 1.7600000E+03 , 5.0000000E+01 , 2.0000000E+01 , 0.0000000E+00 , P
       352 , +8.131080241E+14 , +0.000000000E+00 , +0.000000000E+00 , 1.7600000E+03 , 5.0000000E+01 , 2.0000000E+01 , 0.0000000E+00 , P
       353 , +8.221425577E+14 , +0.000000000E+00 , +0.000000000E+00 , 1.7600000E+03 , 5.0000000E+01 , 2.0000000E+01 , 0.0000000E+00 , P
       354 , +8.311770913E+14 , +0.000000000E+00 , +0.000000000E+00 , 1.7600000E+03 , 5.0000000E+01 , 2.0000000E+01 , 0.0000000E+00 , P
       355 , +8.402116249E+14 , +0.000000000E+00 , +0.000000000E+00 , 1.7600000E+03 , 5.0000000E+01 , 2.0000000E+01 , 0.0000000E+00 , P
       356 , +8.492461585E+14 , +0.000000000E+00 , +0.000000000E+00 , 1.7600000E+03 , 5.0000000E+01 , 2.0000000E+01 , 0.0000000E+00 , P
       357 , +8.582806921E+14 , +0.000000000E+00 , +0.000000000E+00 , 1.7600000E+03 , 5.0000000E+01 , 2.0000000E+01 , 0.0000000E+00 , P
       358 , +8.673152257E+14 , +0.000000000E+00 , +0.000000000E+00 , 1.7600000E+03 , 5.0000000E+01 , 2.0000000E+01 , 0.0000000E+00 , P
       359 , +8.763497593E+14 , +0.000000000E+00 , +0.000000000E+00 , 1.7600000E+03 , 5.0000000E+01 , 2.0000000E+01 , 0.0000000E+00 , P
       360 , +8.853842929E+14 , +0.000000000E+00 , +0.000000000E+00 , 1.7600000E+03 , 5.0000000E+01 , 2.0000000E+01 , 0.0000000E+00 , P
       361 , +8.944188265E+14 , +0.000000000E+00 , +0.000000000E+00 , 1.7600000E+03 , 5.0000000E+01 , 2.0000000E+01 , 0.0000000E+00 , P
       362 , +9.034533601E+14 , +0.000000000E+00 , +0.000000000E+00 , 1.7600000E+03 , 5.0000000E+01 , 2.0000000E+01 , 0.0000000E+00 , P
       363 , +9.937986961E+14 , +0.000000000E+00 , +0.000000000E+00 , 1.7600000E+03 , 5.0000000E+01 , 2.0000000E+01 , 0.0000000E+00 , P
       364 , +1.084144032E+15 , +0.000000000E+00 , +0.000000000E+00 , 1.7600000E+03 , 5.0000000E+01 , 2.0000000E+01 , 0.0000000E+00 , P
       365 , +1.174489368E+15 , +0.000000000E+00 , +0.000000000E+00 , 1.7600000E+03 , 5.0000000E+01 , 2.0000000E+01 , 0.0000000E+00 , P
       366 , +1.264834704E+15 , +0.000000000E+00 , +0.000000000E+00 , 1.7600000E+03 , 5.0000000E+01 , 2.0000000E+01 , 0.0000000E+00 , P
       367 , +1.355180040E+15 , +0.000000000E+00 , +0.000000000E+00 , 1.7600000E+03 , 5.0000000E+01 , 2.0000000E+01 , 0.0000000E+00 , P
       368 , +1.445525376E+15 , +0.000000000E+00 , +0.000000000E+00 , 1.7600000E+03 , 5.0000000E+01 , 2.0000000E+01 , 0.0000000E+00 , P
       369 , +1.535870712E+15 , +0.000000000E+00 , +0.000000000E+00 , 1.7600000E+03 , 5.0000000E+01 , 2.0000000E+01 , 0.0000000E+00 , P
       370 , +1.626216048E+15 , +0.000000000E+00 , +0.000000000E+00 , 1.7600000E+03 , 5.0000000E+01 , 2.0000000E+01 , 0.0000000E+00 , P
       371 , +1.716561384E+15 , +0.000000000E+00 , +0.000000000E+00 , 1.7600000E+03 , 5.0000000E+01 , 2.0000000E+01 , 0.0000000E+00 , P
       372 , +1.806906720E+15 , +0.000000000E+00 , +0.000000000E+00 , 1.7600000E+03 , 5.0000000E+01 , 2.0000000E+01 , 0.0000000E+00 , P
       373 , +1.897252056E+15 , +0.000000000E+00 , +0.000000000E+00 , 1.7600000E+03 , 5.0000000E+01 , 2.0000000E+01 , 0.0000000E+00 , P
       374 , +1.987597392E+15 , +0.000000000E+00 , +0.000000000E+00 , 1.7600000E+03 , 5.0000000E+01 , 2.0000000E+01 , 0.0000000E+00 , P
       375 , +2.077942728E+15 , +0.000000000E+00 , +0.000000000E+00 , 1.7600000E+03 , 5.0000000E+01 , 2.0000000E+01 , 0.0000000E+00 , P
       376 , +2.168288064E+15 , +0.000000000E+00 , +0.000000000E+00 , 1.7600000E+03 , 5.0000000E+01 , 2.0000000E+01 , 0.0000000E+00 , P
       377 , +2.258633400E+15 , +0.000000000E+00 , +0.000000000E+00 , 1.7600000E+03 , 5.0000000E+01 , 2.0000000E+01 , 0.0000000E+00 , P
       378 , +2.348978736E+15 , +0.000000000E+00 , +0.000000000E+00 , 1.7600000E+03 , 5.0000000E+01 , 2.0000000E+01 , 0.0000000E+00 , P
       379 , +2.439324072E+15 , +0.000000000E+00 , +0.000000000E+00 , 1.7600000E+03 , 5.0000000E+01 , 2.0000000E+01 , 0.0000000E+00 , P
       380 , +2.529669408E+15 , +0.000000000E+00 , +0.000000000E+00 , 1.7600000E+03 , 5.0000000E+01 , 2.0000000E+01 , 0.0000000E+00 , P
       381 , +2.620014744E+15 , +0.000000000E+00 , +0.000000000E+00 , 1.7600000E+03 , 5.0000000E+01 , 2.0000000E+01 , 0.0000000E+00 , P
       382 , +2.710360080E+15 , +0.000000000E+00 , +0.000000000E+00 , 1.7600000E+03 , 5.0000000E+01 , 2.0000000E+01 , 0.0000000E+00 , P
       383 , +2.800705416E+15 , +0.000000000E+00 , +0.000000000E+00 , 1.7600000E+03 , 5.0000000E+01 , 2.0000000E+01 , 0.0000000E+00 , P
       384 , +2.891050752E+15 , +0.000000000E+00 , +0.000000000E+00 , 1.7600000E+03 , 5.0000000E+01 , 2.0000000E+01 , 0.0000000E+00 , P
       385 , +2.981396088E+15 , +0.000000000E+00 , +0.000000000E+00 , 1.7600000E+03 , 5.0000000E+01 , 2.0000000E+01 , 0.0000000E+00 , P
       386 , +3.071741424E+15 , +0.000000000E+00 , +0.000000000E+00 , 1.7600000E+03 , 5.0000000E+01 , 2.0000000E+01 , 0.0000000E+00 , P
       387 , +3.162086760E+15 , +0.000000000E+00 , +0.000000000E+00 , 1.7600000E+03 , 5.0000000E+01 , 2.0000000E+01 , 0.0000000E+00 , P
       388 , +3.252432096E+15 , +0.000000000E+00 , +0.000000000E+00 , 1.7600000E+03 , 5.0000000E+01 , 2.0000000E+01 , 0.0000000E+00 , P
       389 , +3.342777432E+15 , +0.000000000E+00 , +0.000000000E+00 , 1.7600000E+03 , 5.0000000E+01 , 2.0000000E+01 , 0.0000000E+00 , P
       390 , +3.433122768E+15 , +0.000000000E+00 , +0.000000000E+00 , 1.7600000E+03 , 5.0000000E+01 , 2.0000000E+01 , 0.0000000E+00 , P
       391 , +3.523468104E+15 , +0.000000000E+00 , +0.000000000E+00 , 1.7600000E+03 , 5.0000000E+01 , 2.0000000E+01 , 0.0000000E+00 , P
       392 , +3.613813440E+15 , +0.000000000E+00 , +0.000000000E+00 , 1.7600000E+03 , 5.0000000E+01 , 2.0000000E+01 , 0.0000000E+00 , P
       393 , +3.704158777E+15 , +0.000000000E+00 , +0.000000000E+00 , 1.7600000E+03 , 5.0000000E+01 , 2.0000000E+01 , 0.0000000E+00 , P
       394 , +3.794504113E+15 , +0.000000000E+00 , +0.000000000E+00 , 1.7600000E+03 , 5.0000000E+01 , 2.0000000E+01 , 0.0000000E+00 , P
       395 , +3.884849449E+15 , +0.000000000E+00 , +0.000000000E+00 , 1.7600000E+03 , 5.0000000E+01 , 2.0000000E+01 , 0.0000000E+00 , P
       396 , +3.975194785E+15 , +0.000000000E+00 , +0.000000000E+00 , 1.7600000E+03 , 5.0000000E+01 , 2.0000000E+01 , 0.0000000E+00 , P
       397 , +4.065540121E+15 , +0.000000000E+00 , +0.000000000E+00 , 1.7600000E+03 , 5.0000000E+01 , 2.0000000E+01 , 0.0000000E+00 , P
       398 , +4.155885457E+15 , +0.000000000E+00 , +0.000000000E+00 , 1.7600000E+03 , 5.0000000E+01 , 2.0000000E+01 , 0.0000000E+00 , P
       399 , +4.246230793E+15 , +0.000000000E+00 , +0.000000000E+00 , 1.7600000E+03 , 5.0000000E+01 , 2.0000000E+01 , 0.0000000E+00 , P
       400 , +4.336576129E+15 , +0.000000000E+00 , +0.000000000E+00 , 1.7600000E+03 , 5.0000000E+01 , 2.0000000E+01 , 0.0000000E+00 , P
       401 , +4.426921465E+15 , +0.000000000E+00 , +0.000000000E+00 , 1.7600000E+03 , 5.0000000E+01 , 2.0000000E+01 , 0.0000000E+00 , P
       402 , +4.517266801E+15 , +0.000000000E+00 , +0.000000000E+00 , 1.7600000E+03 , 5.0000000E+01 , 2.0000000E+01 , 0.0000000E+00 , P
       403 , +4.607612137E+15 , +0.000000000E+00 , +0.000000000E+00 , 1.7600000E+03 , 5.0000000E+01 , 2.0000000E+01 , 0.0000000E+00 , P
       404 , +4.697957473E+15 , +0.000000000E+00 , +0.000000000E+00 , 1.7600000E+03 , 5.0000000E+01 , 2.0000000E+01 , 0.0000000E+00 , P
       405 , +4.788302809E+15 , +0.000000000E+00 , +0.000000000E+00 , 1.7600000E+03 , 5.0000000E+01 , 2.0000000E+01 , 0.0000000E+00 , P
       406 , +4.878648145E+15 , +0.000000000E+00 , +0.000000000E+00 , 1.7600000E+03 , 5.0000000E+01 , 2.0000000E+01 , 0.0000000E+00 , P
       407 , +4.968993481E+15 , +0.000000000E+00 , +0.000000000E+00 , 1.7600000E+03 , 5.0000000E+01 , 2.0000000E+01 , 0.0000000E+00 , P
       408 , +5.059338817E+15 , +0.000000000E+00 , +0.000000000E+00 , 1.7600000E+03 , 5.0000000E+01 , 2.0000000E+01 , 0.0000000E+00 , P
       409 , +5.149684153E+15 , +0.000000000E+00 , +0.000000000E+00 , 1.7600000E+03 , 5.0000000E+01 , 2.0000000E+01 , 0.0000000E+00 , P
       410 , +5.240029489E+15 , +0.000000000E+00 , +0.000000000E+00 , 1.7600000E+03 , 5.0000000E+01 , 2.0000000E+01 , 0.0000000E+00 , P
       411 , +5.330374825E+15 , +0.000000000E+00 , +0.000000000E+00 , 1.7600000E+03 , 5.0000000E+01 , 2.0000000E+01 , 0.0000000E+00 , P
       412 , +5.420720161E+15 , +0.000000000E+00 , +0.000000000E+00 , 1.7600000E+03 , 5.0000000E+01 , 2.0000000E+01 , 0.0000000E+00 , P
       413 , +5.511065497E+15 , +0.000000000E+00 , +0.000000000E+00 , 1.7600000E+03 , 5.0000000E+01 , 2.0000000E+01 , 0.0000000E+00 , P
       414 , +5.601410833E+15 , +0.000000000E+00 , +0.000000000E+00 , 1.7600000E+03 , 5.0000000E+01 , 2.0000000E+01 , 0.0000000E+00 , P
       415 , +5.691756169E+15 , +0.000000000E+00 , +0.000000000E+00 , 1.7600000E+03 , 5.0000000E+01 , 2.0000000E+01 , 0.0000000E+00 , P
       416 , +5.782101505E+15 , +0.000000000E+00 , +0.000000000E+00 , 1.7600000E+03 , 5.0000000E+01 , 2.0000000E+01 , 0.0000000E+00 , P
       417 , +5.872446841E+15 , +0.000000000E+00 , +0.000000000E+00 , 1.7600000E+03 , 5.0000000E+01 , 2.0000000E+01 , 0.0000000E+00 , P
       418 , +5.962792177E+15 , +0.000000000E+00 , +0.000000000E+00 , 1.7600000E+03 , 5.0000000E+01 , 2.0000000E+01 , 0.0000000E+00 , P
       419 , +6.053137513E+15 , +0.000000000E+00 , +0.000000000E+00 , 1.7600000E+03 , 5.0000000E+01 , 2.0000000E+01 , 0.0000000E+00 , P
       420 , +6.143482849E+15 , +0.000000000E+00 , +0.000000000E+00 , 1.7600000E+03 , 5.0000000E+01 , 2.0000000E+01 , 0.0000000E+00 , P
       421 , +6.233828185E+15 , +0.000000000E+00 , +0.000000000E+00 , 1.7600000E+03 , 5.0000000E+01 , 2.0000000E+01 , 0.0000000E+00 , P
       422 , +6.324173521E+15 , +0.000000000E+00 , +0.000000000E+00 , 1.7600000E+03 , 5.0000000E+01 , 2.0000000E+01 , 0.0000000E+00 , P
       423 , +6.414518857E+15 , +0.000000000E+00 , +0.000000000E+00 , 1.7600000E+03 , 5.0000000E+01 , 2.0000000E+01 , 0.0000000E+00 , P
       424 , +6.504864193E+15 , +0.000000000E+00 , +0.000000000E+00 , 1.7600000E+03 , 5.0000000E+01 , 2.0000000E+01 , 0.0000000E+00 , P
       425 , +6.595209529E+15 , +0.000000000E+00 , +0.000000000E+00 , 1.7600000E+03 , 5.0000000E+01 , 2.0000000E+01 , 0.0000000E+00 , P
       426 , +6.685554865E+15 , +0.000000000E+00 , +0.000000000E+00 , 1.7600000E+03 , 5.0000000E+01 , 2.0000000E+01 , 0.0000000E+00 , P
       427 , +6.775900201E+15 , +0.000000000E+00 , +0.000000000E+00 , 1.7600000E+03 , 5.0000000E+01 , 2.0000000E+01 , 0.0000000E+00 , P
       428 , +6.866245537E+15 , +0.000000000E+00 , +0.000000000E+00 , 1.7600000E+03 , 5.0000000E+01 , 2.0000000E+01 , 0.0000000E+00 , P
       429 , +6.956590873E+15 , +0.000000000E+00 , +0.000000000E+00 , 1.7600000E+03 , 5.0000000E+01 , 2.0000000E+01 , 0.0000000E+00 , P
       430 , +7.046936209E+15 , +0.000000000E+00 , +0.000000000E+00 , 1.7600000E+03 , 5.0000000E+01 , 2.0000000E+01 , 0.0000000E+00 , P
       431 , +7.137281545E+15 , +0.000000000E+00 , +0.000000000E+00 , 1.7600000E+03 , 5.0000000E+01 , 2.0000000E+01 , 0.0000000E+00 , P
       432 , +7.227626881E+15 , +0.000000000E+00 , +0.000000000E+00 , 1.7600000E+03 , 5.0000000E+01 , 2.0000000E+01 , 0.0000000E+00 , P
       433 , +7.317972217E+15 , +0.000000000E+00 , +0.000000000E+00 , 1.7600000E+03 , 5.0000000E+01 , 2.0000000E+01 , 0.0000000E+00 , P
       434 , +7.408317553E+15 , +0.000000000E+00 , +0.000000000E+00 , 1.7600000E+03 , 5.0000000E+01 , 2.0000000E+01 , 0.0000000E+00 , P
       435 , +7.498662889E+15 , +0.000000000E+00 , +0.000000000E+00 , 1.7600000E+03 , 5.0000000E+01 , 2.0000000E+01 , 0.0000000E+00 , P
       436 , +7.589008225E+15 , +0.000000000E+00 , +0.000000000E+00 , 1.7600000E+03 , 5.0000000E+01 , 2.0000000E+01 , 0.0000000E+00 , P
       437 , +7.679353561E+15 , +0.000000000E+00 , +0.000000000E+00 , 1.7600000E+03 , 5.0000000E+01 , 2.0000000E+01 , 0.0000000E+00 , P
       438 , +7.769698897E+15 , +0.000000000E+00 , +0.000000000E+00 , 1.7600000E+03 , 5.0000000E+01 , 2.0000000E+01 , 0.0000000E+00 , P
       439 , +7.860044233E+15 , +0.000000000E+00 , +0.000000000E+00 , 1.7600000E+03 , 5.0000000E+01 , 2.0000000E+01 , 0.0000000E+00 , P
       440 , +7.950389569E+15 , +0.000000000E+00 , +0.000000000E+00 , 1.7600000E+03 , 5.0000000E+01 , 2.0000000E+01 , 0.0000000E+00 , P
       441 , +8.040734905E+15 , +0.000000000E+00 , +0.000000000E+00 , 1.7600000E+03 , 5.0000000E+01 , 2.0000000E+01 , 0.0000000E+00 , P
       442 , +8.131080241E+15 , +0.000000000E+00 , +0.000000000E+00 , 1.7600000E+03 , 5.0000000E+01 , 2.0000000E+01 , 0.0000000E+00 , P
       443 , +8.221425577E+15 , +0.000000000E+00 , +0.000000000E+00 , 1.7600000E+03 , 5.0000000E+01 , 2.0000000E+01 , 0.0000000E+00 , P
       444 , +8.311770913E+15 , +0.000000000E+00 , +0.000000000E+00 , 1.7600000E+03 , 5.0000000E+01 , 2.0000000E+01 , 0.0000000E+00 , P
       445 , +8.402116249E+15 , +0.000000000E+00 , +0.000000000E+00 , 1.7600000E+03 , 5.0000000E+01 , 2.0000000E+01 , 0.0000000E+00 , P
       446 , +8.492461585E+15 , +0.000000000E+00 , +0.000000000E+00 , 1.7600000E+03 , 5.0000000E+01 , 2.0000000E+01 , 0.0000000E+00 , P
       447 , +8.582806921E+15 , +0.000000000E+00 , +0.000000000E+00 , 1.7600000E+03 , 5.0000000E+01 , 2.0000000E+01 , 0.0000000E+00 , P
       448 , +8.673152257E+15 , +0.000000000E+00 , +0.000000000E+00 , 1.7600000E+03 , 5.0000000E+01 , 2.0000000E+01 , 0.0000000E+00 , P
       449 , +8.763497593E+15 , +0.000000000E+00 , +0.000000000E+00 , 1.7600000E+03 , 5.0000000E+01 , 2.0000000E+01 , 0.0000000E+00 , P
       450 , +8.853842929E+15 , +0.000000000E+00 , +0.000000000E+00 , 1.7600000E+03 , 5.0000000E+01 , 2.0000000E+01 , 0.0000000E+00 , P
       451 , +8.944188265E+15 , +0.000000000E+00 , +0.000000000E+00 , 1.7600000E+03 , 5.0000000E+01 , 2.0000000E+01 , 0.0000000E+00 , P
       452 , +9.034533601E+15 , +0.000000000E+00 , +0.000000000E+00 , 1.7600000E+03 , 5.0000000E+01 , 2.0000000E+01 , 0.0000000E+00 , P
       453 , +9.937986961E+15 , +0.000000000E+00 , +0.000000000E+00 , 1.7600000E+03 , 5.0000000E+01 , 2.0000000E+01 , 0.0000000E+00 , P
       454 , +1.084144032E+16 , +0.000000000E+00 , +0.000000000E+00 , 1.7600000E+03 , 5.0000000E+01 , 2.0000000E+01 , 0.0000000E+00 , P
       455 , +1.174489368E+16 , +0.000000000E+00 , +0.000000000E+00 , 1.7600000E+03 , 5.0000000E+01 , 2.0000000E+01 , 0.0000000E+00 , P
       456 , +1.264834704E+16 , +0.000000000E+00 , +0.000000000E+00 , 1.7600000E+03 , 5.0000000E+01 , 2.0000000E+01 , 0.0000000E+00 , P
       457 , +1.355180040E+16 , +0.000000000E+00 , +0.000000000E+00 , 1.7600000E+03 , 5.0000000E+01 , 2.0000000E+01 , 0.0000000E+00 , P
       458 , +1.445525376E+16 , +0.000000000E+00 , +0.000000000E+00 , 1.7600000E+03 , 5.0000000E+01 , 2.0000000E+01 , 0.0000000E+00 , P
       459 , +1.535870712E+16 , +0.000000000E+00 , +0.000000000E+00 , 1.7600000E+03 , 5.0000000E+01 , 2.0000000E+01 , 0.0000000E+00 , P
       460 , +1.626216048E+16 , +0.000000000E+00 , +0.000000000E+00 , 1.7600000E+03 , 5.0000000E+01 , 2.0000000E+01 , 0.0000000E+00 , P
       461 , +1.716561384E+16 , +0.000000000E+00 , +0.000000000E+00 , 1.7600000E+03 , 5.0000000E+01 , 2.0000000E+01 , 0.0000000E+00 , P
       462 , +1.806906720E+16 , +0.000000000E+00 , +0.000000000E+00 , 1.7600000E+03 , 5.0000000E+01 , 2.0000000E+01 , 0.0000000E+00 , P
       463 , +1.897252056E+16 , +0.000000000E+00 , +0.000000000E+00 , 1.7600000E+03 , 5.0000000E+01 , 2.0000000E+01 , 0.0000000E+00 , P
       464 , +1.987597392E+16 , +0.000000000E+00 , +0.000000000E+00 , 1.7600000E+03 , 5.0000000E+01 , 2.0000000E+01 , 0.0000000E+00 , P
       465 , +2.077942728E+16 , +0.000000000E+00 , +0.000000000E+00 , 1.7600000E+03 , 5.0000000E+01 , 2.0000000E+01 , 0.0000000E+00 , P
       466 , +2.168288064E+16 , +0.000000000E+00 , +0.000000000E+00 , 1.7600000E+03 , 5.0000000E+01 , 2.0000000E+01 , 0.0000000E+00 , P
       467 , +2.258633400E+16 , +0.000000000E+00 , +0.000000000E+00 , 1.7600000E+03 , 5.0000000E+01 , 2.0000000E+01 , 0.0000000E+00 , P
       468 , +2.348978736E+16 , +0.000000000E+00 , +0.000000000E+00 , 1.7600000E+03 , 5.0000000E+01 , 2.0000000E+01 , 0.0000000E+00 , P
       469 , +2.439324072E+16 , +0.000000000E+00 , +0.000000000E+00 , 1.7600000E+03 , 5.0000000E+01 , 2.0000000E+01 , 0.0000000E+00 , P
       470 , +2.529669408E+16 , +0.000000000E+00 , +0.000000000E+00 , 1.7600000E+03 , 5.0000000E+01 , 2.0000000E+01 , 0.0000000E+00 , P
       471 , +2.620014744E+16 , +0.000000000E+00 , +0.000000000E+00 , 1.7600000E+03 , 5.0000000E+01 , 2.0000000E+01 , 0.0000000E+00 , P
       472 , +2.710360080E+16 , +0.000000000E+00 , +0.000000000E+00 , 1.7600000E+03 , 5.0000000E+01 , 2.0000000E+01 , 0.0000000E+00 , P
       473 , +2.800705416E+16 , +0.000000000E+00 , +0.000000000E+00 , 1.7600000E+03 , 5.0000000E+01 , 2.0000000E+01 , 0.0000000E+00 , P
       474 , +2.891050752E+16 , +0.000000000E+00 , +0.000000000E+00 , 1.7600000E+03 , 5.0000000E+01 , 2.0000000E+01 , 0.0000000E+00 , P
       475 , +2.981396088E+16 , +0.000000000E+00 , +0.000000000E+00 , 1.7600000E+03 , 5.0000000E+01 , 2.0000000E+01 , 0.0000000E+00 , P
       476 , +3.071741424E+16 , +0.000000000E+00 , +0.000000000E+00 , 1.7600000E+03 , 5.0000000E+01 , 2.0000000E+01 , 0.0000000E+00 , P
       477 , +3.162086760E+16 , +0.000000000E+00 , +0.000000000E+00 , 1.7600000E+03 , 5.0000000E+01 , 2.0000000E+01 , 0.0000000E+00 , P
       478 , +3.252432096E+16 , +0.000000000E+00 , +0.000000000E+00 , 1.7600000E+03 , 5.0000000E+01 , 2.0000000E+01 , 0.0000000E+00 , P
       479 , +3.342777432E+16 , +0.000000000E+00 , +0.000000000E+00 , 1.7600000E+03 , 5.0000000E+01 , 2.0000000E+01 , 0.0000000E+00 , P
       480 , +3.433122768E+16 , +0.000000000E+00 , +0.000000000E+00 , 1.7600000E+03 , 5.0000000E+01 , 2.0000000E+01 , 0.0000000E+00 , P
       481 , +3.523468104E+16 , +0.000000000E+00 , +0.000000000E+00 , 1.7600000E+03 , 5.0000000E+01 , 2.0000000E+01 , 0.0000000E+00 , P
       482 , +3.613813440E+16 , +0.000000000E+00 , +0.000000000E+00 , 1.7600000E+03 , 5.0000000E+01 , 2.0000000E+01 , 0.0000000E+00 , P
       483 , +3.704158777E+16 , +0.000000000E+00 , +0.000000000E+00 , 1.7600000E+03 , 5.0000000E+01 , 2.0000000E+01 , 0.0000000E+00 , P
       484 , +3.794504113E+16 , +0.000000000E+00 , +0.000000000E+00 , 1.7600000E+03 , 5.0000000E+01 , 2.0000000E+01 , 0.0000000E+00 , P
       485 , +3.884849449E+16 , +0.000000000E+00 , +0.000000000E+00 , 1.7600000E+03 , 5.0000000E+01 , 2.0000000E+01 , 0.0000000E+00 , P
       486 , +3.975194785E+16 , +0.000000000E+00 , +0.000000000E+00 , 1.7600000E+03 , 5.0000000E+01 , 2.0000000E+01 , 0.0000000E+00 , P
       487 , +4.065540121E+16 , +0.000000000E+00 , +0.000000000E+00 , 1.7600000E+03 , 5.0000000E+01 , 2.0000000E+01 , 0.0000000E+00 , P
       488 , +4.155885457E+16 , +0.000000000E+00 , +0.000000000E+00 , 1.7600000E+03 , 5.0000000E+01 , 2.0000000E+01 , 0.0000000E+00 , P
       489 , +4.246230793E+16 , +0.000000000E+00 , +0.000000000E+00 , 1.7600000E+03 , 5.0000000E+01 , 2.0000000E+01 , 0.0000000E+00 , P
       490 , +4.336576129E+16 , +0.000000000E+00 , +0.000000000E+00 , 1.7600000E+03 , 5.0000000E+01 , 2.0000000E+01 , 0.0000000E+00 , P
       491 , +4.426921465E+16 , +0.000000000E+00 , +0.000000000E+00 , 1.7600000E+03 , 5.0000000E+01 , 2.0000000E+01 , 0.0000000E+00 , P
       492 , +4.517266801E+16 , +0.000000000E+00 , +0.000000000E+00 , 1.7600000E+03 , 5.0000000E+01 , 2.0000000E+01 , 0.0000000E+00 , P
       493 , +4.607612137E+16 , +0.000000000E+00 , +0.000000000E+00 , 1.7600000E+03 , 5.0000000E+01 , 2.0000000E+01 , 0.0000000E+00 , P
       494 , +4.697957473E+16 , +0.000000000E+00 , +0.000000000E+00 , 1.7600000E+03 , 5.0000000E+01 , 2.0000000E+01 , 0.0000000E+00 , P
       495 , +4.788302809E+16 , +0.000000000E+00 , +0.000000000E+00 , 1.7600000E+03 , 5.0000000E+01 , 2.0000000E+01 , 0.0000000E+00 , P
       496 , +4.878648145E+16 , +0.000000000E+00 , +0.000000000E+00 , 1.7600000E+03 , 5.0000000E+01 , 2.0000000E+01 , 0.0000000E+00 , P
       497 , +4.968993481E+16 , +0.000000000E+00 , +0.000000000E+00 , 1.7600000E+03 , 5.0000000E+01 , 2.0000000E+01 , 0.0000000E+00 , P
       498 , +5.059338817E+16 , +0.000000000E+00 , +0.000000000E+00 , 1.7600000E+03 , 5.0000000E+01 , 2.0000000E+01 , 0.0000000E+00 , P
       499 , +5.149684153E+16 , +0.000000000E+00 , +0.000000000E+00 , 1.7600000E+03 , 5.0000000E+01 , 2.0000000E+01 , 0.0000000E+00 , P
       500 , +5.240029489E+16 , +0.000000000E+00 , +0.000000000E+00 , 1.7600000E+03 , 5.0000000E+01 , 2.0000000E+01 , 0.0000000E+00 , P
       501 , +5.330374825E+16 , +0.000000000E+00 , +0.000000000E+00 , 1.7600000E+03 , 5.0000000E+01 , 2.0000000E+01 , 0.0000000E+00 , P
       502 , +5.420720161E+16 , +0.000000000E+00 , +0.000000000E+00 , 1.7600000E+03 , 5.0000000E+01 , 2.0000000E+01 , 0.0000000E+00 , P
       503 , +5.511065497E+16 , +0.000000000E+00 , +0.000000000E+00 , 1.7600000E+03 , 5.0000000E+01 , 2.0000000E+01 , 0.0000000E+00 , P
       504 , +5.601410833E+16 , +0.000000000E+00 , +0.000000000E+00 , 1.7600000E+03 , 5.0000000E+01 , 2.0000000E+01 , 0.0000000E+00 , P
       505 , +5.691756169E+16 , +0.000000000E+00 , +0.000000000E+00 , 1.7600000E+03 , 5.0000000E+01 , 2.0000000E+01 , 0.0000000E+00 , P
       506 , +5.782101505E+16 , +0.000000000E+00 , +0.000000000E+00 , 1.7600000E+03 , 5.0000000E+01 , 2.0000000E+01 , 0.0000000E+00 , P
       507 , +5.872446841E+16 , +0.000000000E+00 , +0.000000000E+00 , 1.7600000E+03 , 5.0000000E+01 , 2.0000000E+01 , 0.0000000E+00 , P
       508 , +5.962792177E+16 , +0.000000000E+00 , +0.000000000E+00 , 1.7600000E+03 , 5.0000000E+01 , 2.0000000E+01 , 0.0000000E+00 , P
       509 , +6.053137513E+16 , +0.000000000E+00 , +0.000000000E+00 , 1.7600000E+03 , 5.0000000E+01 , 2.0000000E+01 , 0.0000000E+00 , P
       510 , +6.143482849E+16 , +0.000000000E+00 , +0.000000000E+00 , 1.7600000E+03 , 5.0000000E+01 , 2.0000000E+01 , 0.0000000E+00 , P
       511 , +6.233828185E+16 , +0.000000000E+00 , +0.000000000E+00 , 1.7600000E+03 , 5.0000000E+01 , 2.0000000E+01 , 0.0000000E+00 , P
       512 , +6.324173521E+16 , +0.000000000E+00 , +0.000000000E+00 , 1.7600000E+03 , 5.0000000E+01 , 2.0000000E+01 , 0.0000000E+00 , P
       513 , +6.414518857E+16 , +0.000000000E+00 , +0.000000000E+00 , 1.7600000E+03 , 5.0000000E+01 , 2.0000000E+01 , 0.0000000E+00 , P
       514 , +6.504864193E+16 , +0.000000000E+00 , +0.000000000E+00 , 1.7600000E+03 , 5.0000000E+01 , 2.0000000E+01 , 0.0000000E+00 , P
       515 , +6.595209529E+16 , +0.000000000E+00 , +0.000000000E+00 , 1.7600000E+03 , 5.0000000E+01 , 2.0000000E+01 , 0.0000000E+00 , P
       516 , +6.685554865E+16 , +0.000000000E+00 , +0.000000000E+00 , 1.7600000E+03 , 5.0000000E+01 , 2.0000000E+01 , 0.0000000E+00 , P
       517 , +6.775900201E+16 , +0.000000000E+00 , +0.000000000E+00 , 1.7600000E+03 , 5.0000000E+01 , 2.0000000E+01 , 0.0000000E+00 , P
       518 , +6.866245537E+16 , +0.000000000E+00 , +0.000000000E+00 , 1.7600000E+03 , 5.0000000E+01 , 2.0000000E+01 , 0.0000000E+00 , P
       519 , +6.956590873E+16 , +0.000000000E+00 , +0.000000000E+00 , 1.7600000E+03 , 5.0000000E+01 , 2.0000000E+01 , 0.0000000E+00 , P
       520 , +7.046936209E+16 , +0.000000000E+00 , +0.000000000E+00 , 1.7600000E+03 , 5.0000000E+01 , 2.0000000E+01 , 0.0000000E+00 , P
       521 , +7.137281545E+16 , +0.000000000E+00 , +0.000000000E+00 , 1.7600000E+03 , 5.0000000E+01 , 2.0000000E+01 , 0.0000000E+00 , P
       522 , +7.227626881E+16 , +0.000000000E+00 , +0.000000000E+00 , 1.7600000E+03 , 5.0000000E+01 , 2.0000000E+01 , 0.0000000E+00 , P
       523 , +7.317972217E+16 , +0.000000000E+00 , +0.000000000E+00 , 1.7600000E+03 , 5.0000000E+01 , 2.0000000E+01 , 0.0000000E+00 , P
       524 , +7.408317553E+16 , +0.000000000E+00 , +0.000000000E+00 , 1.7600000E+03 , 5.0000000E+01 , 2.0000000E+01 , 0.0000000E+00 , P
       525 , +7.498662889E+16 , +0.000000000E+00 , +0.000000000E+00 , 1.7600000E+03 , 5.0000000E+01 , 2.0000000E+01 , 0.0000000E+00 , P
       526 , +7.589008225E+16 , +0.000000000E+00 , +0.000000000E+00 , 1.7600000E+03 , 5.0000000E+01 , 2.0000000E+01 , 0.0000000E+00 , P
       527 , +7.679353561E+16 , +0.000000000E+00 , +0.000000000E+00 , 1.7600000E+03 , 5.0000000E+01 , 2.0000000E+01 , 0.0000000E+00 , P
       528 , +7.769698897E+16 , +0.000000000E+00 , +0.000000000E+00 , 1.7600000E+03 , 5.0000000E+01 , 2.0000000E+01 , 0.0000000E+00 , P
       529 , +7.860044233E+16 , +0.000000000E+00 , +0.000000000E+00 , 1.7600000E+03 , 5.0000000E+01 , 2.0000000E+01 , 0.0000000E+00 , P
       530 , +7.950389569E+16 , +0.000000000E+00 , +0.000000000E+00 , 1.7600000E+03 , 5.0000000E+01 , 2.0000000E+01 , 0.0000000E+00 , P
       531 , +8.040734905E+16 , +0.000000000E+00 , +0.000000000E+00 , 1.7600000E+03 , 5.0000000E+01 , 2.0000000E+01 , 0.0000000E+00 , P
       532 , +8.131080241E+16 , +0.000000000E+00 , +0.000000000E+00 , 1.7600000E+03 , 5.0000000E+01 , 2.0000000E+01 , 0.0000000E+00 , P
       533 , +8.221425577E+16 , +0.000000000E+00 , +0.000000000E+00 , 1.7600000E+03 , 5.0000000E+01 , 2.0000000E+01 , 0.0000000E+00 , P
       534 , +8.311770913E+16 , +0.000000000E+00 , +0.000000000E+00 , 1.7600000E+03 , 5.0000000E+01 , 2.0000000E+01 , 0.0000000E+00 , P
       535 , +8.402116249E+16 , +0.000000000E+00 , +0.000000000E+00 , 1.7600000E+03 , 5.0000000E+01 , 2.0000000E+01 , 0.0000000E+00 , P
       536 , +8.492461585E+16 , +0.000000000E+00 , +0.000000000E+00 , 1.7600000E+03 , 5.0000000E+01 , 2.0000000E+01 , 0.0000000E+00 , P
       537 , +8.582806921E+16 , +0.000000000E+00 , +0.000000000E+00 , 1.7600000E+03 , 5.0000000E+01 , 2.0000000E+01 , 0.0000000E+00 , P
       538 , +8.673152257E+16 , +0.000000000E+00 , +0.000000000E+00 , 1.7600000E+03 , 5.0000000E+01 , 2.0000000E+01 , 0.0000000E+00 , P
       539 , +8.763497593E+16 , +0.000000000E+00 , +0.000000000E+00 , 1.7600000E+03 , 5.0000000E+01 , 2.0000000E+01 , 0.0000000E+00 , P
       540 , +8.853842929E+16 , +0.000000000E+00 , +0.000000000E+00 , 1.7600000E+03 , 5.0000000E+01 , 2.0000000E+01 , 0.0000000E+00 , P
       541 , +8.944188265E+16 , +0.000000000E+00 , +0.000000000E+00 , 1.7600000E+03 , 5.0000000E+01 , 2.0000000E+01 , 0.0000000E+00 , P
       542 , +9.034533601E+16 , +0.000000000E+00 , +0.000000000E+00 , 1.7600000E+03 , 5.0000000E+01 , 2.0000000E+01 , 0.0000000E+00 , P
       543 , +9.937986961E+16 , +0.000000000E+00 , +0.000000000E+00 , 1.7600000E+03 , 5.0000000E+01 , 2.0000000E+01 , 0.0000000E+00 , P
       544 , +1.084144032E+17 , +0.000000000E+00 , +0.000000000E+00 , 1.7600000E+03 , 5.0000000E+01 , 2.0000000E+01 , 0.0000000E+00 , P
       545 , +1.174489368E+17 , +0.000000000E+00 , +0.000000000E+00 , 1.7600000E+03 , 5.0000000E+01 , 2.0000000E+01 , 0.0000000E+00 , P
       546 , +1.264834704E+17 , +0.000000000E+00 , +0.000000000E+00 , 1.7600000E+03 , 5.0000000E+01 , 2.0000000E+01 , 0.0000000E+00 , P
       547 , +1.355180040E+17 , +0.000000000E+00 , +0.000000000E+00 , 1.7600000E+03 , 5.0000000E+01 , 2.0000000E+01 , 0.0000000E+00 , P
       548 , +1.445525376E+17 , +0.000000000E+00 , +0.000000000E+00 , 1.7600000E+03 , 5.0000000E+01 , 2.0000000E+01 , 0.0000000E+00 , P
       549 , +1.535870712E+17 , +0.000000000E+00 , +0.000000000E+00 , 1.7600000E+03 , 5.0000000E+01 , 2.0000000E+01 , 0.0000000E+00 , P
       550 , +1.626216048E+17 , +0.000000000E+00 , +0.000000000E+00 , 1.7600000E+03 , 5.0000000E+01 , 2.0000000E+01 , 0.0000000E+00 , P
       551 , +1.716561384E+17 , +0.000000000E+00 , +0.000000000E+00 , 1.7600000E+03 , 5.0000000E+01 , 2.0000000E+01 , 0.0000000E+00 , P
       552 , +1.806906720E+17 , +0.000000000E+00 , +0.000000000E+00 , 1.7600000E+03 , 5.0000000E+01 , 2.0000000E+01 , 0.0000000E+00 , P
       553 , +1.897252056E+17 , +0.000000000E+00 , +0.000000000E+00 , 1.7600000E+03 , 5.0000000E+01 , 2.0000000E+01 , 0.0000000E+00 , P
       554 , +1.987597392E+17 , +0.000000000E+00 , +0.000000000E+00 , 1.7600000E+03 , 5.0000000E+01 , 2.0000000E+01 , 0.0000000E+00 , P
       555 , +2.077942728E+17 , +0.000000000E+00 , +0.000000000E+00 , 1.7600000E+03 , 5.0000000E+01 , 2.0000000E+01 , 0.0000000E+00 , P
       556 , +2.168288064E+17 , +0.000000000E+00 , +0.000000000E+00 , 1.7600000E+03 , 5.0000000E+01 , 2.0000000E+01 , 0.0000000E+00 , P
       557 , +2.258633400E+17 , +0.000000000E+00 , +0.000000000E+00 , 1.7600000E+03 , 5.0000000E+01 , 2.0000000E+01 , 0.0000000E+00 , P
       558 , +2.348978736E+17 , +0.000000000E+00 , +0.000000000E+00 , 1.7600000E+03 , 5.0000000E+01 , 2.0000000E+01 , 0.0000000E+00 , P
       559 , +2.439324072E+17 , +0.000000000E+00 , +0.000000000E+00 , 1.7600000E+03 , 5.0000000E+01 , 2.0000000E+01 , 0.0000000E+00 , P
       560 , +2.529669408E+17 , +0.000000000E+00 , +0.000000000E+00 , 1.7600000E+03 , 5.0000000E+01 , 2.0000000E+01 , 0.0000000E+00 , P
       561 , +2.620014744E+17 , +0.000000000E+00 , +0.000000000E+00 , 1.7600000E+03 , 5.0000000E+01 , 2.0000000E+01 , 0.0000000E+00 , P
       562 , +2.710360080E+17 , +0.000000000E+00 , +0.000000000E+00 , 1.7600000E+03 , 5.0000000E+01 , 2.0000000E+01 , 0.0000000E+00 , P
       563 , +2.800705416E+17 , +0.000000000E+00 , +0.000000000E+00 , 1.7600000E+03 , 5.0000000E+01 , 2.0000000E+01 , 0.0000000E+00 , P
       564 , +2.891050752E+17 , +0.000000000E+00 , +0.000000000E+00 , 1.7600000E+03 , 5.0000000E+01 , 2.0000000E+01 , 0.0000000E+00 , P
       565 , +2.981396088E+17 , +0.000000000E+00 , +0.000000000E+00 , 1.7600000E+03 , 5.0000000E+01 , 2.0000000E+01 , 0.0000000E+00 , P
       566 , +3.071741424E+17 , +0.000000000E+00 , +0.000000000E+00 , 1.7600000E+03 , 5.0000000E+01 , 2.0000000E+01 , 0.0000000E+00 , P
       567 , +3.162086760E+17 , +0.000000000E+00 , +0.000000000E+00 , 1.7600000E+03 , 5.0000000E+01 , 2.0000000E+01 , 0.0000000E+00 , P
       568 , +3.252432096E+17 , +0.000000000E+00 , +0.000000000E+00 , 1.7600000E+03 , 5.0000000E+01 , 2.0000000E+01 , 0.0000000E+00 , P
       569 , +3.342777432E+17 , +0.000000000E+00 , +0.000000000E+00 , 1.7600000E+03 , 5.0000000E+01 , 2.0000000E+01 , 0.0000000E+00 , P
       570 , +3.433122768E+17 , +0.000000000E+00 , +0.000000000E+00 , 1.7600000E+03 , 5.0000000E+01 , 2.0000000E+01 , 0.0000000E+00 , P
       571 , +3.523468104E+17 , +0.000000000E+00 , +0.000000000E+00 , 1.7600000E+03 , 5.0000000E+01 , 2.0000000E+01 , 0.0000000E+00 , P
       572 , +3.613813440E+17 , +0.000000000E+00 , +0.000000000E+00 , 1.7600000E+03 , 5.0000000E+01 , 2.0000000E+01 , 0.0000000E+00 , P
       573 , +3.704158777E+17 , +0.000000000E+00 , +0.000000000E+00 , 1.7600000E+03 , 5.0000000E+01 , 2.0000000E+01 , 0.0000000E+00 , P
       574 , +3.794504113E+17 , +0.000000000E+00 , +0.000000000E+00 , 1.7600000E+03 , 5.0000000E+01 , 2.0000000E+01 , 0.0000000E+00 , P
       575 , +3.884849449E+17 , +0.000000000E+00 , +0.000000000E+00 , 1.7600000E+03 , 5.0000000E+01 , 2.0000000E+01 , 0.0000000E+00 , P
       576 , +3.975194785E+17 , +0.000000000E+00 , +0.000000000E+00 , 1.7600000E+03 , 5.0000000E+01 , 2.0000000E+01 , 0.0000000E+00 , P
       577 , +4.065540121E+17 , +0.000000000E+00 , +0.000000000E+00 , 1.7600000E+03 , 5.0000000E+01 , 2.0000000E+01 , 0.0000000E+00 , P
       578 , +4.155885457E+17 , +0.000000000E+00 , +0.000000000E+00 , 1.7600000E+03 , 5.0000000E+01 , 2.0000000E+01 , 0.0000000E+00 , P
       579 , +4.246230793E+17 , +0.000000000E+00 , +0.000000000E+00 , 1.7600000E+03 , 5.0000000E+01 , 2.0000000E+01 , 0.0000000E+00 , P
       580 , +4.336576129E+17 , +0.000000000E+00 , +0.000000000E+00 , 1.7600000E+03 , 5.0000000E+01 , 2.0000000E+01 , 0.0000000E+00 , P
       581 , +4.426921465E+17 , +0.000000000E+00 , +0.000000000E+00 , 1.7600000E+03 , 5.0000000E+01 , 2.0000000E+01 , 0.0000000E+00 , P
       582 , +4.517266801E+17 , +0.000000000E+00 , +0.000000000E+00 , 1.7600000E+03 , 5.0000000E+01 , 2.0000000E+01 , 0.0000000E+00 , P
       583 , +4.607612137E+17 , +0.000000000E+00 , +0.000000000E+00 , 1.7600000E+03 , 5.0000000E+01 , 2.0000000E+01 , 0.0000000E+00 , P
       584 , +4.697957473E+17 , +0.000000000E+00 , +0.000000000E+00 , 1.7600000E+03 , 5.0000000E+01 , 2.0000000E+01 , 0.0000000E+00 , P
       585 , +4.788302809E+17 , +0.000000000E+00 , +0.000000000E+00 , 1.7600000E+03 , 5.0000000E+01 , 2.0000000E+01 , 0.0000000E+00 , P
       586 , +4.878648145E+17 , +0.000000000E+00 , +0.000000000E+00 , 1.7600000E+03 , 5.0000000E+01 , 2.0000000E+01 , 0.0000000E+00 , P
       587 , +4.968993481E+17 , +0.000000000E+00 , +0.000000000E+00 , 1.7600000E+03 , 5.0000000E+01 , 2.0000000E+01 , 0.0000000E+00 , P
       588 , +5.059338817E+17 , +0.000000000E+00 , +0.000000000E+00 , 1.7600000E+03 , 5.0000000E+01 , 2.0000000E+01 , 0.0000000E+00 , P
       589 , +5.149684153E+17 , +0.000000000E+00 , +0.000000000E+00 , 1.7600000E+03 , 5.0000000E+01 , 2.0000000E+01 , 0.0000000E+00 , P
       590 , +5.240029489E+17 , +0.000000000E+00 , +0.000000000E+00 , 1.7600000E+03 , 5.0000000E+01 , 2.0000000E+01 , 0.0000000E+00 , P
       591 , +5.330374825E+17 , +0.000000000E+00 , +0.000000000E+00 , 1.7600000E+03 , 5.0000000E+01 , 2.0000000E+01 , 0.0000000E+00 , P
       592 , +5.420720161E+17 , +0.000000000E+00 , +0.000000000E+00 , 1.7600000E+03 , 5.0000000E+01 , 2.0000000E+01 , 0.0000000E+00 , P
       593 , +5.511065497E+17 , +0.000000000E+00 , +0.000000000E+00 , 1.7600000E+03 , 5.0000000E+01 , 2.0000000E+01 , 0.0000000E+00 , P
       594 , +5.601410833E+17 , +0.000000000E+00 , +0.000000000E+00 , 1.7600000E+03 , 5.0000000E+01 , 2.0000000E+01 , 0.0000000E+00 , P
       595 , +5.691756169E+17 , +0.000000000E+00 , +0.000000000E+00 , 1.7600000E+03 , 5.0000000E+01 , 2.0000000E+01 , 0.0000000E+00 , P
       596 , +5.782101505E+17 , +0.000000000E+00 , +0.000000000E+00 , 1.7600000E+03 , 5.0000000E+01 , 2.0000000E+01 , 0.0000000E+00 , P
       597 , +5.872446841E+17 , +0.000000000E+00 , +0.000000000E+00 , 1.7600000E+03 , 5.0000000E+01 , 2.0000000E+01 , 0.0000000E+00 , P
       598 , +5.962792177E+17 , +0.000000000E+00 , +0.000000000E+00 , 1.7600000E+03 , 5.0000000E+01 , 2.0000000E+01 , 0.0000000E+00 , P
       599 , +6.053137513E+17 , +0.000000000E+00 , +0.000000000E+00 , 1.7600000E+03 , 5.0000000E+01 , 2.0000000E+01 , 0.0000000E+00 , P
       600 , +6.143482849E+17 , +0.000000000E+00 , +0.000000000E+00 , 1.7600000E+03 , 5.0000000E+01 , 2.0000000E+01 , 0.0000000E+00 , P
       601 , +6.233828185E+17 , +0.000000000E+00 , +0.000000000E+00 , 1.7600000E+03 , 5.0000000E+01 , 2.0000000E+01 , 0.0000000E+00 , P
       602 , +6.324173521E+17 , +0.000000000E+00 , +0.000000000E+00 , 1.7600000E+03 , 5.0000000E+01 , 2.0000000E+01 , 0.0000000E+00 , P
       603 , +6.414518857E+17 , +0.000000000E+00 , +0.000000000E+00 , 1.7600000E+03 , 5.0000000E+01 , 2.0000000E+01 , 0.0000000E+00 , P
       604 , +6.504864193E+17 , +0.000000000E+00 , +0.000000000E+00 , 1.7600000E+03 , 5.0000000E+01 , 2.0000000E+01 , 0.0000000E+00 , P
       605 , +6.595209529E+17 , +0.000000000E+00 , +0.000000000E+00 , 1.7600000E+03 , 5.0000000E+01 , 2.0000000E+01 , 0.0000000E+00 , P
       606 , +6.685554865E+17 , +0.000000000E+00 , +0.000000000E+00 , 1.7600000E+03 , 5.0000000E+01 , 2.0000000E+01 , 0.0000000E+00 , P
       607 , +6.775900201E+17 , +0.000000000E+00 , +0.000000000E+00 , 1.7600000E+03 , 5.0000000E+01 , 2.0000000E+01 , 0.0000000E+00 , P
       608 , +6.866245537E+17 , +0.000000000E+00 , +0.000000000E+00 , 1.7600000E+03 , 5.0000000E+01 , 2.0000000E+01 , 0.0000000E+00 , P
       609 , +6.956590873E+17 , +0.000000000E+00 , +0.000000000E+00 , 1.7600000E+03 , 5.0000000E+01 , 2.0000000E+01 , 0.0000000E+00 , P
       610 , +7.046936209E+17 , +0.000000000E+00 , +0.000000000E+00 , 1.7600000E+03 , 5.0000000E+01 , 2.0000000E+01 , 0.0000000E+00 , P
       611 , +7.137281545E+17 , +0.000000000E+00 , +0.000000000E+00 , 1.7600000E+03 , 5.0000000E+01 , 2.0000000E+01 , 0.0000000E+00 , P
       612 , +7.227626881E+17 , +0.000000000E+00 , +0.000000000E+00 , 1.7600000E+03 , 5.0000000E+01 , 2.0000000E+01 , 0.0000000E+00 , P
       613 , +7.317972217E+17 , +0.000000000E+00 , +0.000000000E+00 , 1.7600000E+03 , 5.0000000E+01 , 2.0000000E+01 , 0.0000000E+00 , P
       614 , +7.408317553E+17 , +0.000000000E+00 , +0.000000000E+00 , 1.7600000E+03 , 5.0000000E+01 , 2.0000000E+01 , 0.0000000E+00 , P
       615 , +7.498662889E+17 , +0.000000000E+00 , +0.000000000E+00 , 1.7600000E+03 , 5.0000000E+01 , 2.0000000E+01 , 0.0000000E+00 , P
       616 , +7.589008225E+17 , +0.000000000E+00 , +0.000000000E+00 , 1.7600000E+03 , 5.0000000E+01 , 2.0000000E+01 , 0.0000000E+00 , P
       617 , +7.679353561E+17 , +0.000000000E+00 , +0.000000000E+00 , 1.7600000E+03 , 5.0000000E+01 , 2.0000000E+01 , 0.0000000E+00 , P
       618 , +7.769698897E+17 , +0.000000000E+00 , +0.000000000E+00 , 1.7600000E+03 , 5.0000000E+01 , 2.0000000E+01 , 0.0000000E+00 , P
       619 , +7.860044233E+17 , +0.000000000E+00 , +0.000000000E+00 , 1.7600000E+03 , 5.0000000E+01 , 2.0000000E+01 , 0.0000000E+00 , P
       620 , +7.950389569E+17 , +0.000000000E+00 , +0.000000000E+00 , 1.7600000E+03 , 5.0000000E+01 , 2.0000000E+01 , 0.0000000E+00 , P
       621 , +8.040734905E+17 , +0.000000000E+00 , +0.000000000E+00 , 1.7600000E+03 , 5.0000000E+01 , 2.0000000E+01 , 0.0000000E+00 , P
       622 , +8.131080241E+17 , +0.000000000E+00 , +0.000000000E+00 , 1.7600000E+03 , 5.0000000E+01 , 2.0000000E+01 , 0.0000000E+00 , P
       623 , +8.221425577E+17 , +0.000000000E+00 , +0.000000000E+00 , 1.7600000E+03 , 5.0000000E+01 , 2.0000000E+01 , 0.0000000E+00 , P
       624 , +8.311770913E+17 , +0.000000000E+00 , +0.000000000E+00 , 1.7600000E+03 , 5.0000000E+01 , 2.0000000E+01 , 0.0000000E+00 , P
       625 , +8.402116249E+17 , +0.000000000E+00 , +0.000000000E+00 , 1.7600000E+03 , 5.0000000E+01 , 2.0000000E+01 , 0.0000000E+00 , P
       626 , +8.492461585E+17 , +0.000000000E+00 , +0.000000000E+00 , 1.7600000E+03 , 5.0000000E+01 , 2.0000000E+01 , 0.0000000E+00 , P
       627 , +8.582806921E+17 , +0.000000000E+00 , +0.000000000E+00 , 1.7600000E+03 , 5.0000000E+01 , 2.0000000E+01 , 0.0000000E+00 , P
       628 , +8.673152257E+17 , +0.000000000E+00 , +0.000000000E+00 , 1.7600000E+03 , 5.0000000E+01 , 2.0000000E+01 , 0.0000000E+00 , P
       629 , +8.763497593E+17 , +0.000000000E+00 , +0.000000000E+00 , 1.7600000E+03 , 5.0000000E+01 , 2.0000000E+01 , 0.0000000E+00 , P
       630 , +8.853842929E+17 , +0.000000000E+00 , +0.000000000E+00 , 1.7600000E+03 , 5.0000000E+01 , 2.0000000E+01 , 0.0000000E+00 , P
       631 , +8.944188265E+17 , +0.000000000E+00 , +0.000000000E+00 , 1.7600000E+03 , 5.0000000E+01 , 2.0000000E+01 , 0.0000000E+00 , P
       632 , +9.034533601E+17 , +0.000000000E+00 , +0.000000000E+00 , 1.7600000E+03 , 5.0000000E+01 , 2.0000000E+01 , 0.0000000E+00 , P
       633 , +9.937986961E+17 , +0.000000000E+00 , +0.000000000E+00 , 1.7600000E+03 , 5.0000000E+01 , 2.0000000E+01 , 0.0000000E+00 , P
       634 , +1.084144032E+18 , +0.000000000E+00 , +0.000000000E+00 , 1.7600000E+03 , 5.0000000E+01 , 2.0000000E+01 , 0.0000000E+00 , P
       635 , +1.174489368E+18 , +0.000000000E+00 , +0.000000000E+00 , 1.7600000E+03 , 5.0000000E+01 , 2.0000000E+01 , 0.0000000E+00 , P
       636 , +1.264834704E+18 , +0.000000000E+00 , +0.000000000E+00 , 1.7600000E+03 , 5.0000000E+01 , 2.0000000E+01 , 0.0000000E+00 , P
       637 , +1.355180040E+18 , +0.000000000E+00 , +0.000000000E+00 , 1.7600000E+03 , 5.0000000E+01 , 2.0000000E+01 , 0.0000000E+00 , P
       638 , +1.445525376E+18 , +0.000000000E+00 , +0.000000000E+00 , 1.7600000E+03 , 5.0000000E+01 , 2.0000000E+01 , 0.0000000E+00 , P
       639 , +1.535870712E+18 , +0.000000000E+00 , +0.000000000E+00 , 1.7600000E+03 , 5.0000000E+01 , 2.0000000E+01 , 0.0000000E+00 , P
       640 , +1.626216048E+18 , +0.000000000E+00 , +0.000000000E+00 , 1.7600000E+03 , 5.0000000E+01 , 2.0000000E+01 , 0.0000000E+00 , P
       641 , +1.716561384E+18 , +0.000000000E+00 , +0.000000000E+00 , 1.7600000E+03 , 5.0000000E+01 , 2.0000000E+01 , 0.0000000E+00 , P
       642 , +1.806906720E+18 , +0.000000000E+00 , +0.000000000E+00 , 1.7600000E+03 , 5.0000000E+01 , 2.0000000E+01 , 0.0000000E+00 , P
       643 , +1.897252056E+18 , +0.000000000E+00 , +0.000000000E+00 , 1.7600000E+03 , 5.0000000E+01 , 2.0000000E+01 , 0.0000000E+00 , P
       644 , +1.987597392E+18 , +0.000000000E+00 , +0.000000000E+00 , 1.7600000E+03 , 5.0000000E+01 , 2.0000000E+01 , 0.0000000E+00 , P
       645 , +2.077942728E+18 , +0.000000000E+00 , +0.000000000E+00 , 1.7600000E+03 , 5.0000000E+01 , 2.0000000E+01 , 0.0000000E+00 , P
       646 , +2.168288064E+18 , +0.000000000E+00 , +0.000000000E+00 , 1.7600000E+03 , 5.0000000E+01 , 2.0000000E+01 , 0.0000000E+00 , P
       647 , +2.258633400E+18 , +0.000000000E+00 , +0.000000000E+00 , 1.7600000E+03 , 5.0000000E+01 , 2.0000000E+01 , 0.0000000E+00 , P
       648 , +2.348978736E+18 , +0.000000000E+00 , +0.000000000E+00 , 1.7600000E+03 , 5.0000000E+01 , 2.0000000E+01 , 0.0000000E+00 , P
       649 , +2.439324072E+18 , +0.000000000E+00 , +0.000000000E+00 , 1.7600000E+03 , 5.0000000E+01 , 2.0000000E+01 , 0.0000000E+00 , P
       650 , +2.529669408E+18 , +0.000000000E+00 , +0.000000000E+00 , 1.7600000E+03 , 5.0000000E+01 , 2.0000000E+01 , 0.0000000E+00 , P
       651 , +2.620014744E+18 , +0.000000000E+00 , +0.000000000E+00 , 1.7600000E+03 , 5.0000000E+01 , 2.0000000E+01 , 0.0000000E+00 , P
       652 , +2.710360080E+18 , +0.000000000E+00 , +0.000000000E+00 , 1.7600000E+03 , 5.0000000E+01 , 2.0000000E+01 , 0.0000000E+00 , P
       653 , +2.800705416E+18 , +0.000000000E+00 , +0.000000000E+00 , 1.7600000E+03 , 5.0000000E+01 , 2.0000000E+01 , 0.0000000E+00 , P
       654 , +2.891050752E+18 , +0.000000000E+00 , +0.000000000E+00 , 1.7600000E+03 , 5.0000000E+01 , 2.0000000E+01 , 0.0000000E+00 , P
       655 , +2.981396088E+18 , +0.000000000E+00 , +0.000000000E+00 , 1.7600000E+03 , 5.0000000E+01 , 2.0000000E+01 , 0.0000000E+00 , P
       656 , +3.071741424E+18 , +0.000000000E+00 , +0.000000000E+00 , 1.7600000E+03 , 5.0000000E+01 , 2.0000000E+01 , 0.0000000E+00 , P
       657 , +3.162086760E+18 , +0.000000000E+00 , +0.000000000E+00 , 1.7600000E+03 , 5.0000000E+01 , 2.0000000E+01 , 0.0000000E+00 , P
       658 , +3.252432096E+18 , +0.000000000E+00 , +0.000000000E+00 , 1.7600000E+03 , 5.0000000E+01 , 2.0000000E+01 , 0.0000000E+00 , P
       659 , +3.342777432E+18 , +0.000000000E+00 , +0.000000000E+00 , 1.7600000E+03 , 5.0000000E+01 , 2.0000000E+01 , 0.0000000E+00 , P
       660 , +3.433122768E+18 , +0.000000000E+00 , +0.000000000E+00 , 1.7600000E+03 , 5.0000000E+01 , 2.0000000E+01 , 0.0000000E+00 , P
       661 , +3.523468104E+18 , +0.000000000E+00 , +0.000000000E+00 , 1.7600000E+03 , 5.0000000E+01 , 2.0000000E+01 , 0.0000000E+00 , P
       662 , +3.613813440E+18 , +0.000000000E+00 , +0.000000000E+00 , 1.7600000E+03 , 5.0000000E+01 , 2.0000000E+01 , 0.0000000E+00 , P
       663 , +3.704158777E+18 , +0.000000000E+00 , +0.000000000E+00 , 1.7600000E+03 , 5.0000000E+01 , 2.0000000E+01 , 0.0000000E+00 , P
       664 , +3.794504113E+18 , +0.000000000E+00 , +0.000000000E+00 , 1.7600000E+03 , 5.0000000E+01 , 2.0000000E+01 , 0.0000000E+00 , P
       665 , +3.884849449E+18 , +0.000000000E+00 , +0.000000000E+00 , 1.7600000E+03 , 5.0000000E+01 , 2.0000000E+01 , 0.0000000E+00 , P
       666 , +3.975194785E+18 , +0.000000000E+00 , +0.000000000E+00 , 1.7600000E+03 , 5.0000000E+01 , 2.0000000E+01 , 0.0000000E+00 , P
       667 , +4.065540121E+18 , +0.000000000E+00 , +0.000000000E+00 , 1.7600000E+03 , 5.0000000E+01 , 2.0000000E+01 , 0.0000000E+00 , P
       668 , +4.155885457E+18 , +0.000000000E+00 , +0.000000000E+00 , 1.7600000E+03 , 5.0000000E+01 , 2.0000000E+01 , 0.0000000E+00 , P
       669 , +4.246230793E+18 , +0.000000000E+00 , +0.000000000E+00 , 1.7600000E+03 , 5.0000000E+01 , 2.0000000E+01 , 0.0000000E+00 , P
       670 , +4.336576129E+18 , +0.000000000E+00 , +0.000000000E+00 , 1.7600000E+03 , 5.0000000E+01 , 2.0000000E+01 , 0.0000000E+00 , P
       671 , +4.426921465E+18 , +0.000000000E+00 , +0.000000000E+00 , 1.7600000E+03 , 5.0000000E+01 , 2.0000000E+01 , 0.0000000E+00 , P
       672 , +4.517266801E+18 , +0.000000000E+00 , +0.000000000E+00 , 1.7600000E+03 , 5.0000000E+01 , 2.0000000E+01 , 0.0000000E+00 , P
       673 , +4.607612137E+18 , +0.000000000E+00 , +0.000000000E+00 , 1.7600000E+03 , 5.0000000E+01 , 2.0000000E+01 , 0.0000000E+00 , P
       674 , +4.697957473E+18 , +0.000000000E+00 , +0.000000000E+00 , 1.7600000E+03 , 5.0000000E+01 , 2.0000000E+01 , 0.0000000E+00 , P
       675 , +4.788302809E+18 , +0.000000000E+00 , +0.000000000E+00 , 1.7600000E+03 , 5.0000000E+01 , 2.0000000E+01 , 0.0000000E+00 , P
       676 , +4.878648145E+18 , +0.000000000E+00 , +0.000000000E+00 , 1.7600000E+03 , 5.0000000E+01 , 2.0000000E+01 , 0.0000000E+00 , P
       677 , +4.968993481E+18 , +0.000000000E+00 , +0.000000000E+00 , 1.7600000E+03 , 5.0000000E+01 , 2.0000000E+01 , 0.0000000E+00 , P
       678 , +5.059338817E+18 , +0.000000000E+00 , +0.000000000E+00 , 1.7600000E+03 , 5.0000000E+01 , 2.0000000E+01 , 0.0000000E+00 , P
       679 , +5.149684153E+18 , +0.000000000E+00 , +0.000000000E+00 , 1.7600000E+03 , 5.0000000E+01 , 2.0000000E+01 , 0.0000000E+00 , P
       680 , +5.240029489E+18 , +0.000000000E+00 , +0.000000000E+00 , 1.7600000E+03 , 5.0000000E+01 , 2.0000000E+01 , 0.0000000E+00 , P
       681 , +5.330374825E+18 , +0.000000000E+00 , +0.000000000E+00 , 1.7600000E+03 , 5.0000000E+01 , 2.0000000E+01 , 0.0000000E+00 , P
       682 , +5.420720161E+18 , +0.000000000E+00 , +0.000000000E+00 , 1.7600000E+03 , 5.0000000E+01 , 2.0000000E+01 , 0.0000000E+00 , P
       683 , +5.511065497E+18 , +0.000000000E+00 , +0.000000000E+00 , 1.7600000E+03 , 5.0000000E+01 , 2.0000000E+01 , 0.0000000E+00 , P
       684 , +5.601410833E+18 , +0.000000000E+00 , +0.000000000E+00 , 1.7600000E+03 , 5.0000000E+01 , 2.0000000E+01 , 0.0000000E+00 , P
       685 , +5.691756169E+18 , +0.000000000E+00 , +0.000000000E+00 , 1.7600000E+03 , 5.0000000E+01 , 2.0000000E+01 , 0.0000000E+00 , P
       686 , +5.782101505E+18 , +0.000000000E+00 , +0.000000000E+00 , 1.7600000E+03 , 5.0000000E+01 , 2.0000000E+01 , 0.0000000E+00 , P
       687 , +5.872446841E+18 , +0.000000000E+00 , +0.000000000E+00 , 1.7600000E+03 , 5.0000000E+01 , 2.0000000E+01 , 0.0000000E+00 , P
       688 , +5.962792177E+18 , +0.000000000E+00 , +0.000000000E+00 , 1.7600000E+03 , 5.0000000E+01 , 2.0000000E+01 , 0.0000000E+00 , P
       689 , +6.053137513E+18 , +0.000000000E+00 , +0.000000000E+00 , 1.7600000E+03 , 5.0000000E+01 , 2.0000000E+01 , 0.0000000E+00 , P
       690 , +6.143482849E+18 , +0.000000000E+00 , +0.000000000E+00 , 1.7600000E+03 , 5.0000000E+01 , 2.0000000E+01 , 0.0000000E+00 , P
       691 , +6.233828185E+18 , +0.000000000E+00 , +0.000000000E+00 , 1.7600000E+03 , 5.0000000E+01 , 2.0000000E+01 , 0.0000000E+00 , P
       692 , +6.324173521E+18 , +0.000000000E+00 , +0.000000000E+00 , 1.7600000E+03 , 5.0000000E+01 , 2.0000000E+01 , 0.0000000E+00 , P
       693 , +6.414518857E+18 , +0.000000000E+00 , +0.000000000E+00 , 1.7600000E+03 , 5.0000000E+01 , 2.0000000E+01 , 0.0000000E+00 , P
       694 , +6.504864193E+18 , +0.000000000E+00 , +0.000000000E+00 , 1.7600000E+03 , 5.0000000E+01 , 2.0000000E+01 , 0.0000000E+00 , P
       695 , +6.595209529E+18 , +0.000000000E+00 , +0.000000000E+00 , 1.7600000E+03 , 5.0000000E+01 , 2.0000000E+01 , 0.0000000E+00 , P
       696 , +6.685554865E+18 , +0.000000000E+00 , +0.000000000E+00 , 1.7600000E+03 , 5.0000000E+01 , 2.0000000E+01 , 0.0000000E+00 , P
       697 , +6.775900201E+18 , +0.000000000E+00 , +0.000000000E+00 , 1.7600000E+03 , 5.0000000E+01 , 2.0000000E+01 , 0.0000000E+00 , P
       698 , +6.866245537E+18 , +0.000000000E+00 , +0.000000000E+00 , 1.7600000E+03 , 5.0000000E+01 , 2.0000000E+01 , 0.0000000E+00 , P
       699 , +6.956590873E+18 , +0.000000000E+00 , +0.000000000E+00 , 1.7600000E+03 , 5.0000000E+01 , 2.0000000E+01 , 0.0000000E+00 , P
       700 , +7.046936209E+18 , +0.000000000E+00 , +0.000000000E+00 , 1.7600000E+03 , 5.0000000E+01 , 2.0000000E+01 , 0.0000000E+00 , P
       701 , +7.137281545E+18 , +0.000000000E+00 , +0.000000000E+00 , 1.7600000E+03 , 5.0000000E+01 , 2.0000000E+01 , 0.0000000E+00 , P
       702 , +7.227626881E+18 , +0.000000000E+00 , +0.000000000E+00 , 1.7600000E+03 , 5.0000000E+01 , 2.0000000E+01 , 0.0000000E+00 , P
       703 , +7.317972217E+18 , +0.000000000E+00 , +0.000000000E+00 , 1.7600000E+03 , 5.0000000E+01 , 2.0000000E+01 , 0.0000000E+00 , P
       704 , +7.408317553E+18 , +0.000000000E+00 , +0.000000000E+00 , 1.7600000E+03 , 5.0000000E+01 , 2.0000000E+01 , 0.0000000E+00 , P
       705 , +7.498662889E+18 , +0.000000000E+00 , +0.000000000E+00 , 1.7600000E+03 , 5.0000000E+01 , 2.0000000E+01 , 0.0000000E+00 , P
       706 , +7.589008225E+18 , +0.000000000E+00 , +0.000000000E+00 , 1.7600000E+03 , 5.0000000E+01 , 2.0000000E+01 , 0.0000000E+00 , P
       707 , +7.679353561E+18 , +0.000000000E+00 , +0.000000000E+00 , 1.7600000E+03 , 5.0000000E+01 , 2.0000000E+01 , 0.0000000E+00 , P
       708 , +7.769698897E+18 , +0.000000000E+00 , +0.000000000E+00 , 1.7600000E+03 , 5.0000000E+01 , 2.0000000E+01 , 0.0000000E+00 , P
       709 , +7.860044233E+18 , +0.000000000E+00 , +0.000000000E+00 , 1.7600000E+03 , 5.0000000E+01 , 2.0000000E+01 , 0.0000000E+00 , P
       710 , +7.950389569E+18 , +0.000000000E+00 , +0.000000000E+00 , 1.7600000E+03 , 5.0000000E+01 , 2.0000000E+01 , 0.0000000E+00 , P
       711 , +8.040734905E+18 , +0.000000000E+00 , +0.000000000E+00 , 1.7600000E+03 , 5.0000000E+01 , 2.0000000E+01 , 0.0000000E+00 , P
       712 , +8.131080241E+18 , +0.000000000E+00 , +0.000000000E+00 , 1.7600000E+03 , 5.0000000E+01 , 2.0000000E+01 , 0.0000000E+00 , P
       713 , +8.221425577E+18 , +0.000000000E+00 , +0.000000000E+00 , 1.7600000E+03 , 5.0000000E+01 , 2.0000000E+01 , 0.0000000E+00 , P
       714 , +8.311770913E+18 , +0.000000000E+00 , +0.000000000E+00 , 1.7600000E+03 , 5.0000000E+01 , 2.0000000E+01 , 0.0000000E+00 , P
       715 , +8.402116249E+18 , +0.000000000E+00 , +0.000000000E+00 , 1.7600000E+03 , 5.0000000E+01 , 2.0000000E+01 , 0.0000000E+00 , P
       716 , +8.492461585E+18 , +0.000000000E+00 , +0.000000000E+00 , 1.7600000E+03 , 5.0000000E+01 , 2.0000000E+01 , 0.0000000E+00 , P
       717 , +8.582806921E+18 , +0.000000000E+00 , +0.000000000E+00 , 1.7600000E+03 , 5.0000000E+01 , 2.0000000E+01 , 0.0000000E+00 , P
       718 , +8.673152257E+18 , +0.000000000E+00 , +0.000000000E+00 , 1.7600000E+03 , 5.0000000E+01 , 2.0000000E+01 , 0.0000000E+00 , P
       719 , +8.763497593E+18 , +0.000000000E+00 , +0.000000000E+00 , 1.7600000E+03 , 5.0000000E+01 , 2.0000000E+01 , 0.0000000E+00 , P
       720 , +8.853842929E+18 , +0.000000000E+00 , +0.000000000E+00 , 1.7600000E+03 , 5.0000000E+01 , 2.0000000E+01 , 0.0000000E+00 , P
       721 , +8.944188265E+18 , +0.000000000E+00 , +0.000000000E+00 , 1.7600000E+03 , 5.0000000E+01 , 2.0000000E+01 , 0.0000000E+00 , P
       722 , +9.034533601E+18 , +0.000000000E+00 , +0.000000000E+00 , 1.7600000E+03 , 5.0000000E+01 , 2.0000000E+01 , 0.0000000E+00 , P
       723 , +9.937986961E+18 , +0.000000000E+00 , +0.000000000E+00 , 1.7600000E+03 , 5.0000000E+01 , 2.0000000E+01 , 0.0000000E+00 , P
       724 , +1.084144032E+19 , +0.000000000E+00 , +0.000000000E+00 , 1.7600000E+03 , 5.0000000E+01 , 2.0000000E+01 , 0.0000000E+00 , P
       725 , +1.174489368E+19 , +0.000000000E+00 , +0.000000000E+00 , 1.7600000E+03 , 5.0000000E+01 , 2.0000000E+01 , 0.0000000E+00 , P
       726 , +1.264834704E+19 , +0.000000000E+00 , +0.000000000E+00 , 1.7600000E+03 , 5.0000000E+01 , 2.0000000E+01 , 0.0000000E+00 , P
       727 , +1.355180040E+19 , +0.000000000E+00 , +0.000000000E+00 , 1.7600000E+03 , 5.0000000E+01 , 2.0000000E+01 , 0.0000000E+00 , P
       728 , +1.445525376E+19 , +0.000000000E+00 , +0.000000000E+00 , 1.7600000E+03 , 5.0000000E+01 , 2.0000000E+01 , 0.0000000E+00 , P
       729 , +1.535870712E+19 , +0.000000000E+00 , +0.000000000E+00 , 1.7600000E+03 , 5.0000000E+01 , 2.0000000E+01 , 0.0000000E+00 , P
       730 , +1.626216048E+19 , +0.000000000E+00 , +0.000000000E+00 , 1.7600000E+03 , 5.0000000E+01 , 2.0000000E+01 , 0.0000000E+00 , P
       731 , +1.716561384E+19 , +0.000000000E+00 , +0.000000000E+00 , 1.7600000E+03 , 5.0000000E+01 , 2.0000000E+01 , 0.0000000E+00 , P
       732 , +1.806906720E+19 , +0.000000000E+00 , +0.000000000E+00 , 1.7600000E+03 , 5.0000000E+01 , 2.0000000E+01 , 0.0000000E+00 , P
