Particle # ,      x (cm)      ,      y (cm)      ,      z (cm)      ,  n_H (c^m-3)  ,   T_gas (K)   ,  T_dust (K)   , chi (Draine)  , Type (I|P|D)
         1 , -1.005653573E+17 , +0.000000000E+00 , +0.000000000E+00 , 3.1622777E+05 , 5.0000000E+01 , 2.0000000E+01 , 0.0000000E+00 , P
         2 , -1.005653568E+17 , +0.000000000E+00 , +0.000000000E+00 , 3.1622777E+05 , 5.0000000E+01 , 2.0000000E+01 , 0.0000000E+00 , P
         3 , -1.005653567E+17 , +0.000000000E+00 , +0.000000000E+00 , 3.1622777E+05 , 5.0000000E+01 , 2.0000000E+01 , 0.0000000E+00 , P
         4 , -1.005653567E+17 , +0.000000000E+00 , +0.000000000E+00 , 3.1622777E+05 , 5.0000000E+01 , 2.0000000E+01 , 0.0000000E+00 , P
         5 , -1.005653566E+17 , +0.000000000E+00 , +0.000000000E+00 , 3.1622777E+05 , 5.0000000E+01 , 2.0000000E+01 , 0.0000000E+00 , P
         6 , -1.005653566E+17 , +0.000000000E+00 , +0.000000000E+00 , 3.1622777E+05 , 5.0000000E+01 , 2.0000000E+01 , 0.0000000E+00 , P
         7 , -1.005653565E+17 , +0.000000000E+00 , +0.000000000E+00 , 3.1622777E+05 , 5.0000000E+01 , 2.0000000E+01 , 0.0000000E+00 , P
         8 , -1.005653565E+17 , +0.000000000E+00 , +0.000000000E+00 , 3.1622777E+05 , 5.0000000E+01 , 2.0000000E+01 , 0.0000000E+00 , P
         9 , -1.005653564E+17 , +0.000000000E+00 , +0.000000000E+00 , 3.1622777E+05 , 5.0000000E+01 , 2.0000000E+01 , 0.0000000E+00 , P
        10 , -1.005653564E+17 , +0.000000000E+00 , +0.000000000E+00 , 3.1622777E+05 , 5.0000000E+01 , 2.0000000E+01 , 0.0000000E+00 , P
        11 , -1.005653563E+17 , +0.000000000E+00 , +0.000000000E+00 , 3.1622777E+05 , 5.0000000E+01 , 2.0000000E+01 , 0.0000000E+00 , P
        12 , -1.005653563E+17 , +0.000000000E+00 , +0.000000000E+00 , 3.1622777E+05 , 5.0000000E+01 , 2.0000000E+01 , 0.0000000E+00 , P
        13 , -1.005653562E+17 , +0.000000000E+00 , +0.000000000E+00 , 3.1622777E+05 , 5.0000000E+01 , 2.0000000E+01 , 0.0000000E+00 , P
        14 , -1.005653562E+17 , +0.000000000E+00 , +0.000000000E+00 , 3.1622777E+05 , 5.0000000E+01 , 2.0000000E+01 , 0.0000000E+00 , P
        15 , -1.005653561E+17 , +0.000000000E+00 , +0.000000000E+00 , 3.1622777E+05 , 5.0000000E+01 , 2.0000000E+01 , 0.0000000E+00 , P
        16 , -1.005653561E+17 , +0.000000000E+00 , +0.000000000E+00 , 3.1622777E+05 , 5.0000000E+01 , 2.0000000E+01 , 0.0000000E+00 , P
        17 , -1.005653560E+17 , +0.000000000E+00 , +0.000000000E+00 , 3.1622777E+05 , 5.0000000E+01 , 2.0000000E+01 , 0.0000000E+00 , P
        18 , -1.005653560E+17 , +0.000000000E+00 , +0.000000000E+00 , 3.1622777E+05 , 5.0000000E+01 , 2.0000000E+01 , 0.0000000E+00 , P
        19 , -1.005653559E+17 , +0.000000000E+00 , +0.000000000E+00 , 3.1622777E+05 , 5.0000000E+01 , 2.0000000E+01 , 0.0000000E+00 , P
        20 , -1.005653559E+17 , +0.000000000E+00 , +0.000000000E+00 , 3.1622777E+05 , 5.0000000E+01 , 2.0000000E+01 , 0.0000000E+00 , P
        21 , -1.005653558E+17 , +0.000000000E+00 , +0.000000000E+00 , 3.1622777E+05 , 5.0000000E+01 , 2.0000000E+01 , 0.0000000E+00 , P
        22 , -1.005653558E+17 , +0.000000000E+00 , +0.000000000E+00 , 3.1622777E+05 , 5.0000000E+01 , 2.0000000E+01 , 0.0000000E+00 , P
        23 , -1.005653557E+17 , +0.000000000E+00 , +0.000000000E+00 , 3.1622777E+05 , 5.0000000E+01 , 2.0000000E+01 , 0.0000000E+00 , P
        24 , -1.005653557E+17 , +0.000000000E+00 , +0.000000000E+00 , 3.1622777E+05 , 5.0000000E+01 , 2.0000000E+01 , 0.0000000E+00 , P
        25 , -1.005653556E+17 , +0.000000000E+00 , +0.000000000E+00 , 3.1622777E+05 , 5.0000000E+01 , 2.0000000E+01 , 0.0000000E+00 , P
        26 , -1.005653556E+17 , +0.000000000E+00 , +0.000000000E+00 , 3.1622777E+05 , 5.0000000E+01 , 2.0000000E+01 , 0.0000000E+00 , P
        27 , -1.005653555E+17 , +0.000000000E+00 , +0.000000000E+00 , 3.1622777E+05 , 5.0000000E+01 , 2.0000000E+01 , 0.0000000E+00 , P
        28 , -1.005653555E+17 , +0.000000000E+00 , +0.000000000E+00 , 3.1622777E+05 , 5.0000000E+01 , 2.0000000E+01 , 0.0000000E+00 , P
        29 , -1.005653554E+17 , +0.000000000E+00 , +0.000000000E+00 , 3.1622777E+05 , 5.0000000E+01 , 2.0000000E+01 , 0.0000000E+00 , P
        30 , -1.005653554E+17 , +0.000000000E+00 , +0.000000000E+00 , 3.1622777E+05 , 5.0000000E+01 , 2.0000000E+01 , 0.0000000E+00 , P
        31 , -1.005653553E+17 , +0.000000000E+00 , +0.000000000E+00 , 3.1622777E+05 , 5.0000000E+01 , 2.0000000E+01 , 0.0000000E+00 , P
        32 , -1.005653553E+17 , +0.000000000E+00 , +0.000000000E+00 , 3.1622777E+05 , 5.0000000E+01 , 2.0000000E+01 , 0.0000000E+00 , P
        33 , -1.005653552E+17 , +0.000000000E+00 , +0.000000000E+00 , 3.1622777E+05 , 5.0000000E+01 , 2.0000000E+01 , 0.0000000E+00 , P
        34 , -1.005653552E+17 , +0.000000000E+00 , +0.000000000E+00 , 3.1622777E+05 , 5.0000000E+01 , 2.0000000E+01 , 0.0000000E+00 , P
        35 , -1.005653551E+17 , +0.000000000E+00 , +0.000000000E+00 , 3.1622777E+05 , 5.0000000E+01 , 2.0000000E+01 , 0.0000000E+00 , P
        36 , -1.005653551E+17 , +0.000000000E+00 , +0.000000000E+00 , 3.1622777E+05 , 5.0000000E+01 , 2.0000000E+01 , 0.0000000E+00 , P
        37 , -1.005653550E+17 , +0.000000000E+00 , +0.000000000E+00 , 3.1622777E+05 , 5.0000000E+01 , 2.0000000E+01 , 0.0000000E+00 , P
        38 , -1.005653550E+17 , +0.000000000E+00 , +0.000000000E+00 , 3.1622777E+05 , 5.0000000E+01 , 2.0000000E+01 , 0.0000000E+00 , P
        39 , -1.005653549E+17 , +0.000000000E+00 , +0.000000000E+00 , 3.1622777E+05 , 5.0000000E+01 , 2.0000000E+01 , 0.0000000E+00 , P
        40 , -1.005653549E+17 , +0.000000000E+00 , +0.000000000E+00 , 3.1622777E+05 , 5.0000000E+01 , 2.0000000E+01 , 0.0000000E+00 , P
        41 , -1.005653548E+17 , +0.000000000E+00 , +0.000000000E+00 , 3.1622777E+05 , 5.0000000E+01 , 2.0000000E+01 , 0.0000000E+00 , P
        42 , -1.005653548E+17 , +0.000000000E+00 , +0.000000000E+00 , 3.1622777E+05 , 5.0000000E+01 , 2.0000000E+01 , 0.0000000E+00 , P
        43 , -1.005653547E+17 , +0.000000000E+00 , +0.000000000E+00 , 3.1622777E+05 , 5.0000000E+01 , 2.0000000E+01 , 0.0000000E+00 , P
        44 , -1.005653547E+17 , +0.000000000E+00 , +0.000000000E+00 , 3.1622777E+05 , 5.0000000E+01 , 2.0000000E+01 , 0.0000000E+00 , P
        45 , -1.005653546E+17 , +0.000000000E+00 , +0.000000000E+00 , 3.1622777E+05 , 5.0000000E+01 , 2.0000000E+01 , 0.0000000E+00 , P
        46 , -1.005653546E+17 , +0.000000000E+00 , +0.000000000E+00 , 3.1622777E+05 , 5.0000000E+01 , 2.0000000E+01 , 0.0000000E+00 , P
        47 , -1.005653545E+17 , +0.000000000E+00 , +0.000000000E+00 , 3.1622777E+05 , 5.0000000E+01 , 2.0000000E+01 , 0.0000000E+00 , P
        48 , -1.005653545E+17 , +0.000000000E+00 , +0.000000000E+00 , 3.1622777E+05 , 5.0000000E+01 , 2.0000000E+01 , 0.0000000E+00 , P
        49 , -1.005653544E+17 , +0.000000000E+00 , +0.000000000E+00 , 3.1622777E+05 , 5.0000000E+01 , 2.0000000E+01 , 0.0000000E+00 , P
        50 , -1.005653544E+17 , +0.000000000E+00 , +0.000000000E+00 , 3.1622777E+05 , 5.0000000E+01 , 2.0000000E+01 , 0.0000000E+00 , P
        51 , -1.005653543E+17 , +0.000000000E+00 , +0.000000000E+00 , 3.1622777E+05 , 5.0000000E+01 , 2.0000000E+01 , 0.0000000E+00 , P
        52 , -1.005653543E+17 , +0.000000000E+00 , +0.000000000E+00 , 3.1622777E+05 , 5.0000000E+01 , 2.0000000E+01 , 0.0000000E+00 , P
        53 , -1.005653542E+17 , +0.000000000E+00 , +0.000000000E+00 , 3.1622777E+05 , 5.0000000E+01 , 2.0000000E+01 , 0.0000000E+00 , P
        54 , -1.005653542E+17 , +0.000000000E+00 , +0.000000000E+00 , 3.1622777E+05 , 5.0000000E+01 , 2.0000000E+01 , 0.0000000E+00 , P
        55 , -1.005653541E+17 , +0.000000000E+00 , +0.000000000E+00 , 3.1622777E+05 , 5.0000000E+01 , 2.0000000E+01 , 0.0000000E+00 , P
        56 , -1.005653541E+17 , +0.000000000E+00 , +0.000000000E+00 , 3.1622777E+05 , 5.0000000E+01 , 2.0000000E+01 , 0.0000000E+00 , P
        57 , -1.005653540E+17 , +0.000000000E+00 , +0.000000000E+00 , 3.1622777E+05 , 5.0000000E+01 , 2.0000000E+01 , 0.0000000E+00 , P
        58 , -1.005653540E+17 , +0.000000000E+00 , +0.000000000E+00 , 3.1622777E+05 , 5.0000000E+01 , 2.0000000E+01 , 0.0000000E+00 , P
        59 , -1.005653539E+17 , +0.000000000E+00 , +0.000000000E+00 , 3.1622777E+05 , 5.0000000E+01 , 2.0000000E+01 , 0.0000000E+00 , P
        60 , -1.005653539E+17 , +0.000000000E+00 , +0.000000000E+00 , 3.1622777E+05 , 5.0000000E+01 , 2.0000000E+01 , 0.0000000E+00 , P
        61 , -1.005653538E+17 , +0.000000000E+00 , +0.000000000E+00 , 3.1622777E+05 , 5.0000000E+01 , 2.0000000E+01 , 0.0000000E+00 , P
        62 , -1.005653538E+17 , +0.000000000E+00 , +0.000000000E+00 , 3.1622777E+05 , 5.0000000E+01 , 2.0000000E+01 , 0.0000000E+00 , P
        63 , -1.005653537E+17 , +0.000000000E+00 , +0.000000000E+00 , 3.1622777E+05 , 5.0000000E+01 , 2.0000000E+01 , 0.0000000E+00 , P
        64 , -1.005653537E+17 , +0.000000000E+00 , +0.000000000E+00 , 3.1622777E+05 , 5.0000000E+01 , 2.0000000E+01 , 0.0000000E+00 , P
        65 , -1.005653536E+17 , +0.000000000E+00 , +0.000000000E+00 , 3.1622777E+05 , 5.0000000E+01 , 2.0000000E+01 , 0.0000000E+00 , P
        66 , -1.005653536E+17 , +0.000000000E+00 , +0.000000000E+00 , 3.1622777E+05 , 5.0000000E+01 , 2.0000000E+01 , 0.0000000E+00 , P
        67 , -1.005653535E+17 , +0.000000000E+00 , +0.000000000E+00 , 3.1622777E+05 , 5.0000000E+01 , 2.0000000E+01 , 0.0000000E+00 , P
        68 , -1.005653535E+17 , +0.000000000E+00 , +0.000000000E+00 , 3.1622777E+05 , 5.0000000E+01 , 2.0000000E+01 , 0.0000000E+00 , P
        69 , -1.005653534E+17 , +0.000000000E+00 , +0.000000000E+00 , 3.1622777E+05 , 5.0000000E+01 , 2.0000000E+01 , 0.0000000E+00 , P
        70 , -1.005653534E+17 , +0.000000000E+00 , +0.000000000E+00 , 3.1622777E+05 , 5.0000000E+01 , 2.0000000E+01 , 0.0000000E+00 , P
        71 , -1.005653533E+17 , +0.000000000E+00 , +0.000000000E+00 , 3.1622777E+05 , 5.0000000E+01 , 2.0000000E+01 , 0.0000000E+00 , P
        72 , -1.005653533E+17 , +0.000000000E+00 , +0.000000000E+00 , 3.1622777E+05 , 5.0000000E+01 , 2.0000000E+01 , 0.0000000E+00 , P
        73 , -1.005653532E+17 , +0.000000000E+00 , +0.000000000E+00 , 3.1622777E+05 , 5.0000000E+01 , 2.0000000E+01 , 0.0000000E+00 , P
        74 , -1.005653532E+17 , +0.000000000E+00 , +0.000000000E+00 , 3.1622777E+05 , 5.0000000E+01 , 2.0000000E+01 , 0.0000000E+00 , P
        75 , -1.005653531E+17 , +0.000000000E+00 , +0.000000000E+00 , 3.1622777E+05 , 5.0000000E+01 , 2.0000000E+01 , 0.0000000E+00 , P
        76 , -1.005653531E+17 , +0.000000000E+00 , +0.000000000E+00 , 3.1622777E+05 , 5.0000000E+01 , 2.0000000E+01 , 0.0000000E+00 , P
        77 , -1.005653530E+17 , +0.000000000E+00 , +0.000000000E+00 , 3.1622777E+05 , 5.0000000E+01 , 2.0000000E+01 , 0.0000000E+00 , P
        78 , -1.005653530E+17 , +0.000000000E+00 , +0.000000000E+00 , 3.1622777E+05 , 5.0000000E+01 , 2.0000000E+01 , 0.0000000E+00 , P
        79 , -1.005653529E+17 , +0.000000000E+00 , +0.000000000E+00 , 3.1622777E+05 , 5.0000000E+01 , 2.0000000E+01 , 0.0000000E+00 , P
        80 , -1.005653529E+17 , +0.000000000E+00 , +0.000000000E+00 , 3.1622777E+05 , 5.0000000E+01 , 2.0000000E+01 , 0.0000000E+00 , P
        81 , -1.005653528E+17 , +0.000000000E+00 , +0.000000000E+00 , 3.1622777E+05 , 5.0000000E+01 , 2.0000000E+01 , 0.0000000E+00 , P
        82 , -1.005653528E+17 , +0.000000000E+00 , +0.000000000E+00 , 3.1622777E+05 , 5.0000000E+01 , 2.0000000E+01 , 0.0000000E+00 , P
        83 , -1.005653527E+17 , +0.000000000E+00 , +0.000000000E+00 , 3.1622777E+05 , 5.0000000E+01 , 2.0000000E+01 , 0.0000000E+00 , P
        84 , -1.005653527E+17 , +0.000000000E+00 , +0.000000000E+00 , 3.1622777E+05 , 5.0000000E+01 , 2.0000000E+01 , 0.0000000E+00 , P
        85 , -1.005653526E+17 , +0.000000000E+00 , +0.000000000E+00 , 3.1622777E+05 , 5.0000000E+01 , 2.0000000E+01 , 0.0000000E+00 , P
        86 , -1.005653526E+17 , +0.000000000E+00 , +0.000000000E+00 , 3.1622777E+05 , 5.0000000E+01 , 2.0000000E+01 , 0.0000000E+00 , P
        87 , -1.005653525E+17 , +0.000000000E+00 , +0.000000000E+00 , 3.1622777E+05 , 5.0000000E+01 , 2.0000000E+01 , 0.0000000E+00 , P
        88 , -1.005653525E+17 , +0.000000000E+00 , +0.000000000E+00 , 3.1622777E+05 , 5.0000000E+01 , 2.0000000E+01 , 0.0000000E+00 , P
        89 , -1.005653524E+17 , +0.000000000E+00 , +0.000000000E+00 , 3.1622777E+05 , 5.0000000E+01 , 2.0000000E+01 , 0.0000000E+00 , P
        90 , -1.005653524E+17 , +0.000000000E+00 , +0.000000000E+00 , 3.1622777E+05 , 5.0000000E+01 , 2.0000000E+01 , 0.0000000E+00 , P
        91 , -1.005653523E+17 , +0.000000000E+00 , +0.000000000E+00 , 3.1622777E+05 , 5.0000000E+01 , 2.0000000E+01 , 0.0000000E+00 , P
        92 , -1.005653523E+17 , +0.000000000E+00 , +0.000000000E+00 , 3.1622777E+05 , 5.0000000E+01 , 2.0000000E+01 , 0.0000000E+00 , P
        93 , -1.005653518E+17 , +0.000000000E+00 , +0.000000000E+00 , 3.1622777E+05 , 5.0000000E+01 , 2.0000000E+01 , 0.0000000E+00 , P
        94 , -1.005653513E+17 , +0.000000000E+00 , +0.000000000E+00 , 3.1622777E+05 , 5.0000000E+01 , 2.0000000E+01 , 0.0000000E+00 , P
        95 , -1.005653508E+17 , +0.000000000E+00 , +0.000000000E+00 , 3.1622777E+05 , 5.0000000E+01 , 2.0000000E+01 , 0.0000000E+00 , P
        96 , -1.005653503E+17 , +0.000000000E+00 , +0.000000000E+00 , 3.1622777E+05 , 5.0000000E+01 , 2.0000000E+01 , 0.0000000E+00 , P
        97 , -1.005653498E+17 , +0.000000000E+00 , +0.000000000E+00 , 3.1622777E+05 , 5.0000000E+01 , 2.0000000E+01 , 0.0000000E+00 , P
        98 , -1.005653493E+17 , +0.000000000E+00 , +0.000000000E+00 , 3.1622777E+05 , 5.0000000E+01 , 2.0000000E+01 , 0.0000000E+00 , P
        99 , -1.005653487E+17 , +0.000000000E+00 , +0.000000000E+00 , 3.1622777E+05 , 5.0000000E+01 , 2.0000000E+01 , 0.0000000E+00 , P
       100 , -1.005653482E+17 , +0.000000000E+00 , +0.000000000E+00 , 3.1622777E+05 , 5.0000000E+01 , 2.0000000E+01 , 0.0000000E+00 , P
       101 , -1.005653477E+17 , +0.000000000E+00 , +0.000000000E+00 , 3.1622777E+05 , 5.0000000E+01 , 2.0000000E+01 , 0.0000000E+00 , P
       102 , -1.005653472E+17 , +0.000000000E+00 , +0.000000000E+00 , 3.1622777E+05 , 5.0000000E+01 , 2.0000000E+01 , 0.0000000E+00 , P
       103 , -1.005653467E+17 , +0.000000000E+00 , +0.000000000E+00 , 3.1622777E+05 , 5.0000000E+01 , 2.0000000E+01 , 0.0000000E+00 , P
       104 , -1.005653462E+17 , +0.000000000E+00 , +0.000000000E+00 , 3.1622777E+05 , 5.0000000E+01 , 2.0000000E+01 , 0.0000000E+00 , P
       105 , -1.005653457E+17 , +0.000000000E+00 , +0.000000000E+00 , 3.1622777E+05 , 5.0000000E+01 , 2.0000000E+01 , 0.0000000E+00 , P
       106 , -1.005653452E+17 , +0.000000000E+00 , +0.000000000E+00 , 3.1622777E+05 , 5.0000000E+01 , 2.0000000E+01 , 0.0000000E+00 , P
       107 , -1.005653447E+17 , +0.000000000E+00 , +0.000000000E+00 , 3.1622777E+05 , 5.0000000E+01 , 2.0000000E+01 , 0.0000000E+00 , P
       108 , -1.005653442E+17 , +0.000000000E+00 , +0.000000000E+00 , 3.1622777E+05 , 5.0000000E+01 , 2.0000000E+01 , 0.0000000E+00 , P
       109 , -1.005653437E+17 , +0.000000000E+00 , +0.000000000E+00 , 3.1622777E+05 , 5.0000000E+01 , 2.0000000E+01 , 0.0000000E+00 , P
       110 , -1.005653432E+17 , +0.000000000E+00 , +0.000000000E+00 , 3.1622777E+05 , 5.0000000E+01 , 2.0000000E+01 , 0.0000000E+00 , P
       111 , -1.005653427E+17 , +0.000000000E+00 , +0.000000000E+00 , 3.1622777E+05 , 5.0000000E+01 , 2.0000000E+01 , 0.0000000E+00 , P
       112 , -1.005653422E+17 , +0.000000000E+00 , +0.000000000E+00 , 3.1622777E+05 , 5.0000000E+01 , 2.0000000E+01 , 0.0000000E+00 , P
       113 , -1.005653417E+17 , +0.000000000E+00 , +0.000000000E+00 , 3.1622777E+05 , 5.0000000E+01 , 2.0000000E+01 , 0.0000000E+00 , P
       114 , -1.005653412E+17 , +0.000000000E+00 , +0.000000000E+00 , 3.1622777E+05 , 5.0000000E+01 , 2.0000000E+01 , 0.0000000E+00 , P
       115 , -1.005653407E+17 , +0.000000000E+00 , +0.000000000E+00 , 3.1622777E+05 , 5.0000000E+01 , 2.0000000E+01 , 0.0000000E+00 , P
       116 , -1.005653402E+17 , +0.000000000E+00 , +0.000000000E+00 , 3.1622777E+05 , 5.0000000E+01 , 2.0000000E+01 , 0.0000000E+00 , P
       117 , -1.005653397E+17 , +0.000000000E+00 , +0.000000000E+00 , 3.1622777E+05 , 5.0000000E+01 , 2.0000000E+01 , 0.0000000E+00 , P
       118 , -1.005653392E+17 , +0.000000000E+00 , +0.000000000E+00 , 3.1622777E+05 , 5.0000000E+01 , 2.0000000E+01 , 0.0000000E+00 , P
       119 , -1.005653387E+17 , +0.000000000E+00 , +0.000000000E+00 , 3.1622777E+05 , 5.0000000E+01 , 2.0000000E+01 , 0.0000000E+00 , P
       120 , -1.005653382E+17 , +0.000000000E+00 , +0.000000000E+00 , 3.1622777E+05 , 5.0000000E+01 , 2.0000000E+01 , 0.0000000E+00 , P
       121 , -1.005653377E+17 , +0.000000000E+00 , +0.000000000E+00 , 3.1622777E+05 , 5.0000000E+01 , 2.0000000E+01 , 0.0000000E+00 , P
       122 , -1.005653372E+17 , +0.000000000E+00 , +0.000000000E+00 , 3.1622777E+05 , 5.0000000E+01 , 2.0000000E+01 , 0.0000000E+00 , P
       123 , -1.005653367E+17 , +0.000000000E+00 , +0.000000000E+00 , 3.1622777E+05 , 5.0000000E+01 , 2.0000000E+01 , 0.0000000E+00 , P
       124 , -1.005653362E+17 , +0.000000000E+00 , +0.000000000E+00 , 3.1622777E+05 , 5.0000000E+01 , 2.0000000E+01 , 0.0000000E+00 , P
       125 , -1.005653357E+17 , +0.000000000E+00 , +0.000000000E+00 , 3.1622777E+05 , 5.0000000E+01 , 2.0000000E+01 , 0.0000000E+00 , P
       126 , -1.005653352E+17 , +0.000000000E+00 , +0.000000000E+00 , 3.1622777E+05 , 5.0000000E+01 , 2.0000000E+01 , 0.0000000E+00 , P
       127 , -1.005653347E+17 , +0.000000000E+00 , +0.000000000E+00 , 3.1622777E+05 , 5.0000000E+01 , 2.0000000E+01 , 0.0000000E+00 , P
       128 , -1.005653342E+17 , +0.000000000E+00 , +0.000000000E+00 , 3.1622777E+05 , 5.0000000E+01 , 2.0000000E+01 , 0.0000000E+00 , P
       129 , -1.005653337E+17 , +0.000000000E+00 , +0.000000000E+00 , 3.1622777E+05 , 5.0000000E+01 , 2.0000000E+01 , 0.0000000E+00 , P
       130 , -1.005653332E+17 , +0.000000000E+00 , +0.000000000E+00 , 3.1622777E+05 , 5.0000000E+01 , 2.0000000E+01 , 0.0000000E+00 , P
       131 , -1.005653327E+17 , +0.000000000E+00 , +0.000000000E+00 , 3.1622777E+05 , 5.0000000E+01 , 2.0000000E+01 , 0.0000000E+00 , P
       132 , -1.005653322E+17 , +0.000000000E+00 , +0.000000000E+00 , 3.1622777E+05 , 5.0000000E+01 , 2.0000000E+01 , 0.0000000E+00 , P
       133 , -1.005653317E+17 , +0.000000000E+00 , +0.000000000E+00 , 3.1622777E+05 , 5.0000000E+01 , 2.0000000E+01 , 0.0000000E+00 , P
       134 , -1.005653311E+17 , +0.000000000E+00 , +0.000000000E+00 , 3.1622777E+05 , 5.0000000E+01 , 2.0000000E+01 , 0.0000000E+00 , P
       135 , -1.005653306E+17 , +0.000000000E+00 , +0.000000000E+00 , 3.1622777E+05 , 5.0000000E+01 , 2.0000000E+01 , 0.0000000E+00 , P
       136 , -1.005653301E+17 , +0.000000000E+00 , +0.000000000E+00 , 3.1622777E+05 , 5.0000000E+01 , 2.0000000E+01 , 0.0000000E+00 , P
       137 , -1.005653296E+17 , +0.000000000E+00 , +0.000000000E+00 , 3.1622777E+05 , 5.0000000E+01 , 2.0000000E+01 , 0.0000000E+00 , P
       138 , -1.005653291E+17 , +0.000000000E+00 , +0.000000000E+00 , 3.1622777E+05 , 5.0000000E+01 , 2.0000000E+01 , 0.0000000E+00 , P
       139 , -1.005653286E+17 , +0.000000000E+00 , +0.000000000E+00 , 3.1622777E+05 , 5.0000000E+01 , 2.0000000E+01 , 0.0000000E+00 , P
       140 , -1.005653281E+17 , +0.000000000E+00 , +0.000000000E+00 , 3.1622777E+05 , 5.0000000E+01 , 2.0000000E+01 , 0.0000000E+00 , P
       141 , -1.005653276E+17 , +0.000000000E+00 , +0.000000000E+00 , 3.1622777E+05 , 5.0000000E+01 , 2.0000000E+01 , 0.0000000E+00 , P
       142 , -1.005653271E+17 , +0.000000000E+00 , +0.000000000E+00 , 3.1622777E+05 , 5.0000000E+01 , 2.0000000E+01 , 0.0000000E+00 , P
       143 , -1.005653266E+17 , +0.000000000E+00 , +0.000000000E+00 , 3.1622777E+05 , 5.0000000E+01 , 2.0000000E+01 , 0.0000000E+00 , P
       144 , -1.005653261E+17 , +0.000000000E+00 , +0.000000000E+00 , 3.1622777E+05 , 5.0000000E+01 , 2.0000000E+01 , 0.0000000E+00 , P
       145 , -1.005653256E+17 , +0.000000000E+00 , +0.000000000E+00 , 3.1622777E+05 , 5.0000000E+01 , 2.0000000E+01 , 0.0000000E+00 , P
       146 , -1.005653251E+17 , +0.000000000E+00 , +0.000000000E+00 , 3.1622777E+05 , 5.0000000E+01 , 2.0000000E+01 , 0.0000000E+00 , P
       147 , -1.005653246E+17 , +0.000000000E+00 , +0.000000000E+00 , 3.1622777E+05 , 5.0000000E+01 , 2.0000000E+01 , 0.0000000E+00 , P
       148 , -1.005653241E+17 , +0.000000000E+00 , +0.000000000E+00 , 3.1622777E+05 , 5.0000000E+01 , 2.0000000E+01 , 0.0000000E+00 , P
       149 , -1.005653236E+17 , +0.000000000E+00 , +0.000000000E+00 , 3.1622777E+05 , 5.0000000E+01 , 2.0000000E+01 , 0.0000000E+00 , P
       150 , -1.005653231E+17 , +0.000000000E+00 , +0.000000000E+00 , 3.1622777E+05 , 5.0000000E+01 , 2.0000000E+01 , 0.0000000E+00 , P
       151 , -1.005653226E+17 , +0.000000000E+00 , +0.000000000E+00 , 3.1622777E+05 , 5.0000000E+01 , 2.0000000E+01 , 0.0000000E+00 , P
       152 , -1.005653221E+17 , +0.000000000E+00 , +0.000000000E+00 , 3.1622777E+05 , 5.0000000E+01 , 2.0000000E+01 , 0.0000000E+00 , P
       153 , -1.005653216E+17 , +0.000000000E+00 , +0.000000000E+00 , 3.1622777E+05 , 5.0000000E+01 , 2.0000000E+01 , 0.0000000E+00 , P
       154 , -1.005653211E+17 , +0.000000000E+00 , +0.000000000E+00 , 3.1622777E+05 , 5.0000000E+01 , 2.0000000E+01 , 0.0000000E+00 , P
       155 , -1.005653206E+17 , +0.000000000E+00 , +0.000000000E+00 , 3.1622777E+05 , 5.0000000E+01 , 2.0000000E+01 , 0.0000000E+00 , P
       156 , -1.005653201E+17 , +0.000000000E+00 , +0.000000000E+00 , 3.1622777E+05 , 5.0000000E+01 , 2.0000000E+01 , 0.0000000E+00 , P
       157 , -1.005653196E+17 , +0.000000000E+00 , +0.000000000E+00 , 3.1622777E+05 , 5.0000000E+01 , 2.0000000E+01 , 0.0000000E+00 , P
       158 , -1.005653191E+17 , +0.000000000E+00 , +0.000000000E+00 , 3.1622777E+05 , 5.0000000E+01 , 2.0000000E+01 , 0.0000000E+00 , P
       159 , -1.005653186E+17 , +0.000000000E+00 , +0.000000000E+00 , 3.1622777E+05 , 5.0000000E+01 , 2.0000000E+01 , 0.0000000E+00 , P
       160 , -1.005653181E+17 , +0.000000000E+00 , +0.000000000E+00 , 3.1622777E+05 , 5.0000000E+01 , 2.0000000E+01 , 0.0000000E+00 , P
       161 , -1.005653176E+17 , +0.000000000E+00 , +0.000000000E+00 , 3.1622777E+05 , 5.0000000E+01 , 2.0000000E+01 , 0.0000000E+00 , P
       162 , -1.005653171E+17 , +0.000000000E+00 , +0.000000000E+00 , 3.1622777E+05 , 5.0000000E+01 , 2.0000000E+01 , 0.0000000E+00 , P
       163 , -1.005653166E+17 , +0.000000000E+00 , +0.000000000E+00 , 3.1622777E+05 , 5.0000000E+01 , 2.0000000E+01 , 0.0000000E+00 , P
       164 , -1.005653161E+17 , +0.000000000E+00 , +0.000000000E+00 , 3.1622777E+05 , 5.0000000E+01 , 2.0000000E+01 , 0.0000000E+00 , P
       165 , -1.005653156E+17 , +0.000000000E+00 , +0.000000000E+00 , 3.1622777E+05 , 5.0000000E+01 , 2.0000000E+01 , 0.0000000E+00 , P
       166 , -1.005653151E+17 , +0.000000000E+00 , +0.000000000E+00 , 3.1622777E+05 , 5.0000000E+01 , 2.0000000E+01 , 0.0000000E+00 , P
       167 , -1.005653146E+17 , +0.000000000E+00 , +0.000000000E+00 , 3.1622777E+05 , 5.0000000E+01 , 2.0000000E+01 , 0.0000000E+00 , P
       168 , -1.005653141E+17 , +0.000000000E+00 , +0.000000000E+00 , 3.1622777E+05 , 5.0000000E+01 , 2.0000000E+01 , 0.0000000E+00 , P
       169 , -1.005653135E+17 , +0.000000000E+00 , +0.000000000E+00 , 3.1622777E+05 , 5.0000000E+01 , 2.0000000E+01 , 0.0000000E+00 , P
       170 , -1.005653130E+17 , +0.000000000E+00 , +0.000000000E+00 , 3.1622777E+05 , 5.0000000E+01 , 2.0000000E+01 , 0.0000000E+00 , P
       171 , -1.005653125E+17 , +0.000000000E+00 , +0.000000000E+00 , 3.1622777E+05 , 5.0000000E+01 , 2.0000000E+01 , 0.0000000E+00 , P
       172 , -1.005653120E+17 , +0.000000000E+00 , +0.000000000E+00 , 3.1622777E+05 , 5.0000000E+01 , 2.0000000E+01 , 0.0000000E+00 , P
       173 , -1.005653115E+17 , +0.000000000E+00 , +0.000000000E+00 , 3.1622777E+05 , 5.0000000E+01 , 2.0000000E+01 , 0.0000000E+00 , P
       174 , -1.005653110E+17 , +0.000000000E+00 , +0.000000000E+00 , 3.1622777E+05 , 5.0000000E+01 , 2.0000000E+01 , 0.0000000E+00 , P
       175 , -1.005653105E+17 , +0.000000000E+00 , +0.000000000E+00 , 3.1622777E+05 , 5.0000000E+01 , 2.0000000E+01 , 0.0000000E+00 , P
       176 , -1.005653100E+17 , +0.000000000E+00 , +0.000000000E+00 , 3.1622777E+05 , 5.0000000E+01 , 2.0000000E+01 , 0.0000000E+00 , P
       177 , -1.005653095E+17 , +0.000000000E+00 , +0.000000000E+00 , 3.1622777E+05 , 5.0000000E+01 , 2.0000000E+01 , 0.0000000E+00 , P
       178 , -1.005653090E+17 , +0.000000000E+00 , +0.000000000E+00 , 3.1622777E+05 , 5.0000000E+01 , 2.0000000E+01 , 0.0000000E+00 , P
       179 , -1.005653085E+17 , +0.000000000E+00 , +0.000000000E+00 , 3.1622777E+05 , 5.0000000E+01 , 2.0000000E+01 , 0.0000000E+00 , P
       180 , -1.005653080E+17 , +0.000000000E+00 , +0.000000000E+00 , 3.1622777E+05 , 5.0000000E+01 , 2.0000000E+01 , 0.0000000E+00 , P
       181 , -1.005653075E+17 , +0.000000000E+00 , +0.000000000E+00 , 3.1622777E+05 , 5.0000000E+01 , 2.0000000E+01 , 0.0000000E+00 , P
       182 , -1.005653070E+17 , +0.000000000E+00 , +0.000000000E+00 , 3.1622777E+05 , 5.0000000E+01 , 2.0000000E+01 , 0.0000000E+00 , P
       183 , -1.005653020E+17 , +0.000000000E+00 , +0.000000000E+00 , 3.1622777E+05 , 5.0000000E+01 , 2.0000000E+01 , 0.0000000E+00 , P
       184 , -1.005652970E+17 , +0.000000000E+00 , +0.000000000E+00 , 3.1622777E+05 , 5.0000000E+01 , 2.0000000E+01 , 0.0000000E+00 , P
       185 , -1.005652919E+17 , +0.000000000E+00 , +0.000000000E+00 , 3.1622777E+05 , 5.0000000E+01 , 2.0000000E+01 , 0.0000000E+00 , P
       186 , -1.005652869E+17 , +0.000000000E+00 , +0.000000000E+00 , 3.1622777E+05 , 5.0000000E+01 , 2.0000000E+01 , 0.0000000E+00 , P
       187 , -1.005652819E+17 , +0.000000000E+00 , +0.000000000E+00 , 3.1622777E+05 , 5.0000000E+01 , 2.0000000E+01 , 0.0000000E+00 , P
       188 , -1.005652768E+17 , +0.000000000E+00 , +0.000000000E+00 , 3.1622777E+05 , 5.0000000E+01 , 2.0000000E+01 , 0.0000000E+00 , P
       189 , -1.005652718E+17 , +0.000000000E+00 , +0.000000000E+00 , 3.1622777E+05 , 5.0000000E+01 , 2.0000000E+01 , 0.0000000E+00 , P
       190 , -1.005652668E+17 , +0.000000000E+00 , +0.000000000E+00 , 3.1622777E+05 , 5.0000000E+01 , 2.0000000E+01 , 0.0000000E+00 , P
       191 , -1.005652618E+17 , +0.000000000E+00 , +0.000000000E+00 , 3.1622777E+05 , 5.0000000E+01 , 2.0000000E+01 , 0.0000000E+00 , P
       192 , -1.005652567E+17 , +0.000000000E+00 , +0.000000000E+00 , 3.1622777E+05 , 5.0000000E+01 , 2.0000000E+01 , 0.0000000E+00 , P
       193 , -1.005652517E+17 , +0.000000000E+00 , +0.000000000E+00 , 3.1622777E+05 , 5.0000000E+01 , 2.0000000E+01 , 0.0000000E+00 , P
       194 , -1.005652467E+17 , +0.000000000E+00 , +0.000000000E+00 , 3.1622777E+05 , 5.0000000E+01 , 2.0000000E+01 , 0.0000000E+00 , P
       195 , -1.005652416E+17 , +0.000000000E+00 , +0.000000000E+00 , 3.1622777E+05 , 5.0000000E+01 , 2.0000000E+01 , 0.0000000E+00 , P
       196 , -1.005652366E+17 , +0.000000000E+00 , +0.000000000E+00 , 3.1622777E+05 , 5.0000000E+01 , 2.0000000E+01 , 0.0000000E+00 , P
       197 , -1.005652316E+17 , +0.000000000E+00 , +0.000000000E+00 , 3.1622777E+05 , 5.0000000E+01 , 2.0000000E+01 , 0.0000000E+00 , P
       198 , -1.005652266E+17 , +0.000000000E+00 , +0.000000000E+00 , 3.1622777E+05 , 5.0000000E+01 , 2.0000000E+01 , 0.0000000E+00 , P
       199 , -1.005652215E+17 , +0.000000000E+00 , +0.000000000E+00 , 3.1622777E+05 , 5.0000000E+01 , 2.0000000E+01 , 0.0000000E+00 , P
       200 , -1.005652165E+17 , +0.000000000E+00 , +0.000000000E+00 , 3.1622777E+05 , 5.0000000E+01 , 2.0000000E+01 , 0.0000000E+00 , P
       201 , -1.005652115E+17 , +0.000000000E+00 , +0.000000000E+00 , 3.1622777E+05 , 5.0000000E+01 , 2.0000000E+01 , 0.0000000E+00 , P
       202 , -1.005652064E+17 , +0.000000000E+00 , +0.000000000E+00 , 3.1622777E+05 , 5.0000000E+01 , 2.0000000E+01 , 0.0000000E+00 , P
       203 , -1.005652014E+17 , +0.000000000E+00 , +0.000000000E+00 , 3.1622777E+05 , 5.0000000E+01 , 2.0000000E+01 , 0.0000000E+00 , P
       204 , -1.005651964E+17 , +0.000000000E+00 , +0.000000000E+00 , 3.1622777E+05 , 5.0000000E+01 , 2.0000000E+01 , 0.0000000E+00 , P
       205 , -1.005651914E+17 , +0.000000000E+00 , +0.000000000E+00 , 3.1622777E+05 , 5.0000000E+01 , 2.0000000E+01 , 0.0000000E+00 , P
       206 , -1.005651863E+17 , +0.000000000E+00 , +0.000000000E+00 , 3.1622777E+05 , 5.0000000E+01 , 2.0000000E+01 , 0.0000000E+00 , P
       207 , -1.005651813E+17 , +0.000000000E+00 , +0.000000000E+00 , 3.1622777E+05 , 5.0000000E+01 , 2.0000000E+01 , 0.0000000E+00 , P
       208 , -1.005651763E+17 , +0.000000000E+00 , +0.000000000E+00 , 3.1622777E+05 , 5.0000000E+01 , 2.0000000E+01 , 0.0000000E+00 , P
       209 , -1.005651712E+17 , +0.000000000E+00 , +0.000000000E+00 , 3.1622777E+05 , 5.0000000E+01 , 2.0000000E+01 , 0.0000000E+00 , P
       210 , -1.005651662E+17 , +0.000000000E+00 , +0.000000000E+00 , 3.1622777E+05 , 5.0000000E+01 , 2.0000000E+01 , 0.0000000E+00 , P
       211 , -1.005651612E+17 , +0.000000000E+00 , +0.000000000E+00 , 3.1622777E+05 , 5.0000000E+01 , 2.0000000E+01 , 0.0000000E+00 , P
       212 , -1.005651562E+17 , +0.000000000E+00 , +0.000000000E+00 , 3.1622777E+05 , 5.0000000E+01 , 2.0000000E+01 , 0.0000000E+00 , P
       213 , -1.005651511E+17 , +0.000000000E+00 , +0.000000000E+00 , 3.1622777E+05 , 5.0000000E+01 , 2.0000000E+01 , 0.0000000E+00 , P
       214 , -1.005651461E+17 , +0.000000000E+00 , +0.000000000E+00 , 3.1622777E+05 , 5.0000000E+01 , 2.0000000E+01 , 0.0000000E+00 , P
       215 , -1.005651411E+17 , +0.000000000E+00 , +0.000000000E+00 , 3.1622777E+05 , 5.0000000E+01 , 2.0000000E+01 , 0.0000000E+00 , P
       216 , -1.005651361E+17 , +0.000000000E+00 , +0.000000000E+00 , 3.1622777E+05 , 5.0000000E+01 , 2.0000000E+01 , 0.0000000E+00 , P
       217 , -1.005651310E+17 , +0.000000000E+00 , +0.000000000E+00 , 3.1622777E+05 , 5.0000000E+01 , 2.0000000E+01 , 0.0000000E+00 , P
       218 , -1.005651260E+17 , +0.000000000E+00 , +0.000000000E+00 , 3.1622777E+05 , 5.0000000E+01 , 2.0000000E+01 , 0.0000000E+00 , P
       219 , -1.005651210E+17 , +0.000000000E+00 , +0.000000000E+00 , 3.1622777E+05 , 5.0000000E+01 , 2.0000000E+01 , 0.0000000E+00 , P
       220 , -1.005651159E+17 , +0.000000000E+00 , +0.000000000E+00 , 3.1622777E+05 , 5.0000000E+01 , 2.0000000E+01 , 0.0000000E+00 , P
       221 , -1.005651109E+17 , +0.000000000E+00 , +0.000000000E+00 , 3.1622777E+05 , 5.0000000E+01 , 2.0000000E+01 , 0.0000000E+00 , P
       222 , -1.005651059E+17 , +0.000000000E+00 , +0.000000000E+00 , 3.1622777E+05 , 5.0000000E+01 , 2.0000000E+01 , 0.0000000E+00 , P
       223 , -1.005651009E+17 , +0.000000000E+00 , +0.000000000E+00 , 3.1622777E+05 , 5.0000000E+01 , 2.0000000E+01 , 0.0000000E+00 , P
       224 , -1.005650958E+17 , +0.000000000E+00 , +0.000000000E+00 , 3.1622777E+05 , 5.0000000E+01 , 2.0000000E+01 , 0.0000000E+00 , P
       225 , -1.005650908E+17 , +0.000000000E+00 , +0.000000000E+00 , 3.1622777E+05 , 5.0000000E+01 , 2.0000000E+01 , 0.0000000E+00 , P
       226 , -1.005650858E+17 , +0.000000000E+00 , +0.000000000E+00 , 3.1622777E+05 , 5.0000000E+01 , 2.0000000E+01 , 0.0000000E+00 , P
       227 , -1.005650807E+17 , +0.000000000E+00 , +0.000000000E+00 , 3.1622777E+05 , 5.0000000E+01 , 2.0000000E+01 , 0.0000000E+00 , P
       228 , -1.005650757E+17 , +0.000000000E+00 , +0.000000000E+00 , 3.1622777E+05 , 5.0000000E+01 , 2.0000000E+01 , 0.0000000E+00 , P
       229 , -1.005650707E+17 , +0.000000000E+00 , +0.000000000E+00 , 3.1622777E+05 , 5.0000000E+01 , 2.0000000E+01 , 0.0000000E+00 , P
       230 , -1.005650657E+17 , +0.000000000E+00 , +0.000000000E+00 , 3.1622777E+05 , 5.0000000E+01 , 2.0000000E+01 , 0.0000000E+00 , P
       231 , -1.005650606E+17 , +0.000000000E+00 , +0.000000000E+00 , 3.1622777E+05 , 5.0000000E+01 , 2.0000000E+01 , 0.0000000E+00 , P
       232 , -1.005650556E+17 , +0.000000000E+00 , +0.000000000E+00 , 3.1622777E+05 , 5.0000000E+01 , 2.0000000E+01 , 0.0000000E+00 , P
       233 , -1.005650506E+17 , +0.000000000E+00 , +0.000000000E+00 , 3.1622777E+05 , 5.0000000E+01 , 2.0000000E+01 , 0.0000000E+00 , P
       234 , -1.005650455E+17 , +0.000000000E+00 , +0.000000000E+00 , 3.1622777E+05 , 5.0000000E+01 , 2.0000000E+01 , 0.0000000E+00 , P
       235 , -1.005650405E+17 , +0.000000000E+00 , +0.000000000E+00 , 3.1622777E+05 , 5.0000000E+01 , 2.0000000E+01 , 0.0000000E+00 , P
       236 , -1.005650355E+17 , +0.000000000E+00 , +0.000000000E+00 , 3.1622777E+05 , 5.0000000E+01 , 2.0000000E+01 , 0.0000000E+00 , P
       237 , -1.005650305E+17 , +0.000000000E+00 , +0.000000000E+00 , 3.1622777E+05 , 5.0000000E+01 , 2.0000000E+01 , 0.0000000E+00 , P
       238 , -1.005650254E+17 , +0.000000000E+00 , +0.000000000E+00 , 3.1622777E+05 , 5.0000000E+01 , 2.0000000E+01 , 0.0000000E+00 , P
       239 , -1.005650204E+17 , +0.000000000E+00 , +0.000000000E+00 , 3.1622777E+05 , 5.0000000E+01 , 2.0000000E+01 , 0.0000000E+00 , P
       240 , -1.005650154E+17 , +0.000000000E+00 , +0.000000000E+00 , 3.1622777E+05 , 5.0000000E+01 , 2.0000000E+01 , 0.0000000E+00 , P
       241 , -1.005650103E+17 , +0.000000000E+00 , +0.000000000E+00 , 3.1622777E+05 , 5.0000000E+01 , 2.0000000E+01 , 0.0000000E+00 , P
       242 , -1.005650053E+17 , +0.000000000E+00 , +0.000000000E+00 , 3.1622777E+05 , 5.0000000E+01 , 2.0000000E+01 , 0.0000000E+00 , P
       243 , -1.005650003E+17 , +0.000000000E+00 , +0.000000000E+00 , 3.1622777E+05 , 5.0000000E+01 , 2.0000000E+01 , 0.0000000E+00 , P
       244 , -1.005649953E+17 , +0.000000000E+00 , +0.000000000E+00 , 3.1622777E+05 , 5.0000000E+01 , 2.0000000E+01 , 0.0000000E+00 , P
       245 , -1.005649902E+17 , +0.000000000E+00 , +0.000000000E+00 , 3.1622777E+05 , 5.0000000E+01 , 2.0000000E+01 , 0.0000000E+00 , P
       246 , -1.005649852E+17 , +0.000000000E+00 , +0.000000000E+00 , 3.1622777E+05 , 5.0000000E+01 , 2.0000000E+01 , 0.0000000E+00 , P
       247 , -1.005649802E+17 , +0.000000000E+00 , +0.000000000E+00 , 3.1622777E+05 , 5.0000000E+01 , 2.0000000E+01 , 0.0000000E+00 , P
       248 , -1.005649751E+17 , +0.000000000E+00 , +0.000000000E+00 , 3.1622777E+05 , 5.0000000E+01 , 2.0000000E+01 , 0.0000000E+00 , P
       249 , -1.005649701E+17 , +0.000000000E+00 , +0.000000000E+00 , 3.1622777E+05 , 5.0000000E+01 , 2.0000000E+01 , 0.0000000E+00 , P
       250 , -1.005649651E+17 , +0.000000000E+00 , +0.000000000E+00 , 3.1622777E+05 , 5.0000000E+01 , 2.0000000E+01 , 0.0000000E+00 , P
       251 , -1.005649601E+17 , +0.000000000E+00 , +0.000000000E+00 , 3.1622777E+05 , 5.0000000E+01 , 2.0000000E+01 , 0.0000000E+00 , P
       252 , -1.005649550E+17 , +0.000000000E+00 , +0.000000000E+00 , 3.1622777E+05 , 5.0000000E+01 , 2.0000000E+01 , 0.0000000E+00 , P
       253 , -1.005649500E+17 , +0.000000000E+00 , +0.000000000E+00 , 3.1622777E+05 , 5.0000000E+01 , 2.0000000E+01 , 0.0000000E+00 , P
       254 , -1.005649450E+17 , +0.000000000E+00 , +0.000000000E+00 , 3.1622777E+05 , 5.0000000E+01 , 2.0000000E+01 , 0.0000000E+00 , P
       255 , -1.005649399E+17 , +0.000000000E+00 , +0.000000000E+00 , 3.1622777E+05 , 5.0000000E+01 , 2.0000000E+01 , 0.0000000E+00 , P
       256 , -1.005649349E+17 , +0.000000000E+00 , +0.000000000E+00 , 3.1622777E+05 , 5.0000000E+01 , 2.0000000E+01 , 0.0000000E+00 , P
       257 , -1.005649299E+17 , +0.000000000E+00 , +0.000000000E+00 , 3.1622777E+05 , 5.0000000E+01 , 2.0000000E+01 , 0.0000000E+00 , P
       258 , -1.005649249E+17 , +0.000000000E+00 , +0.000000000E+00 , 3.1622777E+05 , 5.0000000E+01 , 2.0000000E+01 , 0.0000000E+00 , P
       259 , -1.005649198E+17 , +0.000000000E+00 , +0.000000000E+00 , 3.1622777E+05 , 5.0000000E+01 , 2.0000000E+01 , 0.0000000E+00 , P
       260 , -1.005649148E+17 , +0.000000000E+00 , +0.000000000E+00 , 3.1622777E+05 , 5.0000000E+01 , 2.0000000E+01 , 0.0000000E+00 , P
       261 , -1.005649098E+17 , +0.000000000E+00 , +0.000000000E+00 , 3.1622777E+05 , 5.0000000E+01 , 2.0000000E+01 , 0.0000000E+00 , P
       262 , -1.005649048E+17 , +0.000000000E+00 , +0.000000000E+00 , 3.1622777E+05 , 5.0000000E+01 , 2.0000000E+01 , 0.0000000E+00 , P
       263 , -1.005648997E+17 , +0.000000000E+00 , +0.000000000E+00 , 3.1622777E+05 , 5.0000000E+01 , 2.0000000E+01 , 0.0000000E+00 , P
       264 , -1.005648947E+17 , +0.000000000E+00 , +0.000000000E+00 , 3.1622777E+05 , 5.0000000E+01 , 2.0000000E+01 , 0.0000000E+00 , P
       265 , -1.005648897E+17 , +0.000000000E+00 , +0.000000000E+00 , 3.1622777E+05 , 5.0000000E+01 , 2.0000000E+01 , 0.0000000E+00 , P
       266 , -1.005648846E+17 , +0.000000000E+00 , +0.000000000E+00 , 3.1622777E+05 , 5.0000000E+01 , 2.0000000E+01 , 0.0000000E+00 , P
       267 , -1.005648796E+17 , +0.000000000E+00 , +0.000000000E+00 , 3.1622777E+05 , 5.0000000E+01 , 2.0000000E+01 , 0.0000000E+00 , P
       268 , -1.005648746E+17 , +0.000000000E+00 , +0.000000000E+00 , 3.1622777E+05 , 5.0000000E+01 , 2.0000000E+01 , 0.0000000E+00 , P
       269 , -1.005648696E+17 , +0.000000000E+00 , +0.000000000E+00 , 3.1622777E+05 , 5.0000000E+01 , 2.0000000E+01 , 0.0000000E+00 , P
       270 , -1.005648645E+17 , +0.000000000E+00 , +0.000000000E+00 , 3.1622777E+05 , 5.0000000E+01 , 2.0000000E+01 , 0.0000000E+00 , P
       271 , -1.005648595E+17 , +0.000000000E+00 , +0.000000000E+00 , 3.1622777E+05 , 5.0000000E+01 , 2.0000000E+01 , 0.0000000E+00 , P
       272 , -1.005648545E+17 , +0.000000000E+00 , +0.000000000E+00 , 3.1622777E+05 , 5.0000000E+01 , 2.0000000E+01 , 0.0000000E+00 , P
       273 , -1.005648042E+17 , +0.000000000E+00 , +0.000000000E+00 , 3.1622777E+05 , 5.0000000E+01 , 2.0000000E+01 , 0.0000000E+00 , P
       274 , -1.005647539E+17 , +0.000000000E+00 , +0.000000000E+00 , 3.1622777E+05 , 5.0000000E+01 , 2.0000000E+01 , 0.0000000E+00 , P
       275 , -1.005647036E+17 , +0.000000000E+00 , +0.000000000E+00 , 3.1622777E+05 , 5.0000000E+01 , 2.0000000E+01 , 0.0000000E+00 , P
       276 , -1.005646533E+17 , +0.000000000E+00 , +0.000000000E+00 , 3.1622777E+05 , 5.0000000E+01 , 2.0000000E+01 , 0.0000000E+00 , P
       277 , -1.005646031E+17 , +0.000000000E+00 , +0.000000000E+00 , 3.1622777E+05 , 5.0000000E+01 , 2.0000000E+01 , 0.0000000E+00 , P
       278 , -1.005645528E+17 , +0.000000000E+00 , +0.000000000E+00 , 3.1622777E+05 , 5.0000000E+01 , 2.0000000E+01 , 0.0000000E+00 , P
       279 , -1.005645025E+17 , +0.000000000E+00 , +0.000000000E+00 , 3.1622777E+05 , 5.0000000E+01 , 2.0000000E+01 , 0.0000000E+00 , P
       280 , -1.005644522E+17 , +0.000000000E+00 , +0.000000000E+00 , 3.1622777E+05 , 5.0000000E+01 , 2.0000000E+01 , 0.0000000E+00 , P
       281 , -1.005644019E+17 , +0.000000000E+00 , +0.000000000E+00 , 3.1622777E+05 , 5.0000000E+01 , 2.0000000E+01 , 0.0000000E+00 , P
       282 , -1.005643516E+17 , +0.000000000E+00 , +0.000000000E+00 , 3.1622777E+05 , 5.0000000E+01 , 2.0000000E+01 , 0.0000000E+00 , P
       283 , -1.005643014E+17 , +0.000000000E+00 , +0.000000000E+00 , 3.1622777E+05 , 5.0000000E+01 , 2.0000000E+01 , 0.0000000E+00 , P
       284 , -1.005642511E+17 , +0.000000000E+00 , +0.000000000E+00 , 3.1622777E+05 , 5.0000000E+01 , 2.0000000E+01 , 0.0000000E+00 , P
       285 , -1.005642008E+17 , +0.000000000E+00 , +0.000000000E+00 , 3.1622777E+05 , 5.0000000E+01 , 2.0000000E+01 , 0.0000000E+00 , P
       286 , -1.005641505E+17 , +0.000000000E+00 , +0.000000000E+00 , 3.1622777E+05 , 5.0000000E+01 , 2.0000000E+01 , 0.0000000E+00 , P
       287 , -1.005641002E+17 , +0.000000000E+00 , +0.000000000E+00 , 3.1622777E+05 , 5.0000000E+01 , 2.0000000E+01 , 0.0000000E+00 , P
       288 , -1.005640499E+17 , +0.000000000E+00 , +0.000000000E+00 , 3.1622777E+05 , 5.0000000E+01 , 2.0000000E+01 , 0.0000000E+00 , P
       289 , -1.005639997E+17 , +0.000000000E+00 , +0.000000000E+00 , 3.1622777E+05 , 5.0000000E+01 , 2.0000000E+01 , 0.0000000E+00 , P
       290 , -1.005639494E+17 , +0.000000000E+00 , +0.000000000E+00 , 3.1622777E+05 , 5.0000000E+01 , 2.0000000E+01 , 0.0000000E+00 , P
       291 , -1.005638991E+17 , +0.000000000E+00 , +0.000000000E+00 , 3.1622777E+05 , 5.0000000E+01 , 2.0000000E+01 , 0.0000000E+00 , P
       292 , -1.005638488E+17 , +0.000000000E+00 , +0.000000000E+00 , 3.1622777E+05 , 5.0000000E+01 , 2.0000000E+01 , 0.0000000E+00 , P
       293 , -1.005637985E+17 , +0.000000000E+00 , +0.000000000E+00 , 3.1622777E+05 , 5.0000000E+01 , 2.0000000E+01 , 0.0000000E+00 , P
       294 , -1.005637483E+17 , +0.000000000E+00 , +0.000000000E+00 , 3.1622777E+05 , 5.0000000E+01 , 2.0000000E+01 , 0.0000000E+00 , P
       295 , -1.005636980E+17 , +0.000000000E+00 , +0.000000000E+00 , 3.1622777E+05 , 5.0000000E+01 , 2.0000000E+01 , 0.0000000E+00 , P
       296 , -1.005636477E+17 , +0.000000000E+00 , +0.000000000E+00 , 3.1622777E+05 , 5.0000000E+01 , 2.0000000E+01 , 0.0000000E+00 , P
       297 , -1.005635974E+17 , +0.000000000E+00 , +0.000000000E+00 , 3.1622777E+05 , 5.0000000E+01 , 2.0000000E+01 , 0.0000000E+00 , P
       298 , -1.005635471E+17 , +0.000000000E+00 , +0.000000000E+00 , 3.1622777E+05 , 5.0000000E+01 , 2.0000000E+01 , 0.0000000E+00 , P
       299 , -1.005634968E+17 , +0.000000000E+00 , +0.000000000E+00 , 3.1622777E+05 , 5.0000000E+01 , 2.0000000E+01 , 0.0000000E+00 , P
       300 , -1.005634466E+17 , +0.000000000E+00 , +0.000000000E+00 , 3.1622777E+05 , 5.0000000E+01 , 2.0000000E+01 , 0.0000000E+00 , P
       301 , -1.005633963E+17 , +0.000000000E+00 , +0.000000000E+00 , 3.1622777E+05 , 5.0000000E+01 , 2.0000000E+01 , 0.0000000E+00 , P
       302 , -1.005633460E+17 , +0.000000000E+00 , +0.000000000E+00 , 3.1622777E+05 , 5.0000000E+01 , 2.0000000E+01 , 0.0000000E+00 , P
       303 , -1.005632957E+17 , +0.000000000E+00 , +0.000000000E+00 , 3.1622777E+05 , 5.0000000E+01 , 2.0000000E+01 , 0.0000000E+00 , P
       304 , -1.005632454E+17 , +0.000000000E+00 , +0.000000000E+00 , 3.1622777E+05 , 5.0000000E+01 , 2.0000000E+01 , 0.0000000E+00 , P
       305 , -1.005631951E+17 , +0.000000000E+00 , +0.000000000E+00 , 3.1622777E+05 , 5.0000000E+01 , 2.0000000E+01 , 0.0000000E+00 , P
       306 , -1.005631449E+17 , +0.000000000E+00 , +0.000000000E+00 , 3.1622777E+05 , 5.0000000E+01 , 2.0000000E+01 , 0.0000000E+00 , P
       307 , -1.005630946E+17 , +0.000000000E+00 , +0.000000000E+00 , 3.1622777E+05 , 5.0000000E+01 , 2.0000000E+01 , 0.0000000E+00 , P
       308 , -1.005630443E+17 , +0.000000000E+00 , +0.000000000E+00 , 3.1622777E+05 , 5.0000000E+01 , 2.0000000E+01 , 0.0000000E+00 , P
       309 , -1.005629940E+17 , +0.000000000E+00 , +0.000000000E+00 , 3.1622777E+05 , 5.0000000E+01 , 2.0000000E+01 , 0.0000000E+00 , P
       310 , -1.005629437E+17 , +0.000000000E+00 , +0.000000000E+00 , 3.1622777E+05 , 5.0000000E+01 , 2.0000000E+01 , 0.0000000E+00 , P
       311 , -1.005628934E+17 , +0.000000000E+00 , +0.000000000E+00 , 3.1622777E+05 , 5.0000000E+01 , 2.0000000E+01 , 0.0000000E+00 , P
       312 , -1.005628432E+17 , +0.000000000E+00 , +0.000000000E+00 , 3.1622777E+05 , 5.0000000E+01 , 2.0000000E+01 , 0.0000000E+00 , P
       313 , -1.005627929E+17 , +0.000000000E+00 , +0.000000000E+00 , 3.1622777E+05 , 5.0000000E+01 , 2.0000000E+01 , 0.0000000E+00 , P
       314 , -1.005627426E+17 , +0.000000000E+00 , +0.000000000E+00 , 3.1622777E+05 , 5.0000000E+01 , 2.0000000E+01 , 0.0000000E+00 , P
       315 , -1.005626923E+17 , +0.000000000E+00 , +0.000000000E+00 , 3.1622777E+05 , 5.0000000E+01 , 2.0000000E+01 , 0.0000000E+00 , P
       316 , -1.005626420E+17 , +0.000000000E+00 , +0.000000000E+00 , 3.1622777E+05 , 5.0000000E+01 , 2.0000000E+01 , 0.0000000E+00 , P
       317 , -1.005625917E+17 , +0.000000000E+00 , +0.000000000E+00 , 3.1622777E+05 , 5.0000000E+01 , 2.0000000E+01 , 0.0000000E+00 , P
       318 , -1.005625415E+17 , +0.000000000E+00 , +0.000000000E+00 , 3.1622777E+05 , 5.0000000E+01 , 2.0000000E+01 , 0.0000000E+00 , P
       319 , -1.005624912E+17 , +0.000000000E+00 , +0.000000000E+00 , 3.1622777E+05 , 5.0000000E+01 , 2.0000000E+01 , 0.0000000E+00 , P
       320 , -1.005624409E+17 , +0.000000000E+00 , +0.000000000E+00 , 3.1622777E+05 , 5.0000000E+01 , 2.0000000E+01 , 0.0000000E+00 , P
       321 , -1.005623906E+17 , +0.000000000E+00 , +0.000000000E+00 , 3.1622777E+05 , 5.0000000E+01 , 2.0000000E+01 , 0.0000000E+00 , P
       322 , -1.005623403E+17 , +0.000000000E+00 , +0.000000000E+00 , 3.1622777E+05 , 5.0000000E+01 , 2.0000000E+01 , 0.0000000E+00 , P
       323 , -1.005622901E+17 , +0.000000000E+00 , +0.000000000E+00 , 3.1622777E+05 , 5.0000000E+01 , 2.0000000E+01 , 0.0000000E+00 , P
       324 , -1.005622398E+17 , +0.000000000E+00 , +0.000000000E+00 , 3.1622777E+05 , 5.0000000E+01 , 2.0000000E+01 , 0.0000000E+00 , P
       325 , -1.005621895E+17 , +0.000000000E+00 , +0.000000000E+00 , 3.1622777E+05 , 5.0000000E+01 , 2.0000000E+01 , 0.0000000E+00 , P
       326 , -1.005621392E+17 , +0.000000000E+00 , +0.000000000E+00 , 3.1622777E+05 , 5.0000000E+01 , 2.0000000E+01 , 0.0000000E+00 , P
       327 , -1.005620889E+17 , +0.000000000E+00 , +0.000000000E+00 , 3.1622777E+05 , 5.0000000E+01 , 2.0000000E+01 , 0.0000000E+00 , P
       328 , -1.005620386E+17 , +0.000000000E+00 , +0.000000000E+00 , 3.1622777E+05 , 5.0000000E+01 , 2.0000000E+01 , 0.0000000E+00 , P
       329 , -1.005619884E+17 , +0.000000000E+00 , +0.000000000E+00 , 3.1622777E+05 , 5.0000000E+01 , 2.0000000E+01 , 0.0000000E+00 , P
       330 , -1.005619381E+17 , +0.000000000E+00 , +0.000000000E+00 , 3.1622777E+05 , 5.0000000E+01 , 2.0000000E+01 , 0.0000000E+00 , P
       331 , -1.005618878E+17 , +0.000000000E+00 , +0.000000000E+00 , 3.1622777E+05 , 5.0000000E+01 , 2.0000000E+01 , 0.0000000E+00 , P
       332 , -1.005618375E+17 , +0.000000000E+00 , +0.000000000E+00 , 3.1622777E+05 , 5.0000000E+01 , 2.0000000E+01 , 0.0000000E+00 , P
       333 , -1.005617872E+17 , +0.000000000E+00 , +0.000000000E+00 , 3.1622777E+05 , 5.0000000E+01 , 2.0000000E+01 , 0.0000000E+00 , P
       334 , -1.005617369E+17 , +0.000000000E+00 , +0.000000000E+00 , 3.1622777E+05 , 5.0000000E+01 , 2.0000000E+01 , 0.0000000E+00 , P
       335 , -1.005616867E+17 , +0.000000000E+00 , +0.000000000E+00 , 3.1622777E+05 , 5.0000000E+01 , 2.0000000E+01 , 0.0000000E+00 , P
       336 , -1.005616364E+17 , +0.000000000E+00 , +0.000000000E+00 , 3.1622777E+05 , 5.0000000E+01 , 2.0000000E+01 , 0.0000000E+00 , P
       337 , -1.005615861E+17 , +0.000000000E+00 , +0.000000000E+00 , 3.1622777E+05 , 5.0000000E+01 , 2.0000000E+01 , 0.0000000E+00 , P
       338 , -1.005615358E+17 , +0.000000000E+00 , +0.000000000E+00 , 3.1622777E+05 , 5.0000000E+01 , 2.0000000E+01 , 0.0000000E+00 , P
       339 , -1.005614855E+17 , +0.000000000E+00 , +0.000000000E+00 , 3.1622777E+05 , 5.0000000E+01 , 2.0000000E+01 , 0.0000000E+00 , P
       340 , -1.005614352E+17 , +0.000000000E+00 , +0.000000000E+00 , 3.1622777E+05 , 5.0000000E+01 , 2.0000000E+01 , 0.0000000E+00 , P
       341 , -1.005613850E+17 , +0.000000000E+00 , +0.000000000E+00 , 3.1622777E+05 , 5.0000000E+01 , 2.0000000E+01 , 0.0000000E+00 , P
       342 , -1.005613347E+17 , +0.000000000E+00 , +0.000000000E+00 , 3.1622777E+05 , 5.0000000E+01 , 2.0000000E+01 , 0.0000000E+00 , P
       343 , -1.005612844E+17 , +0.000000000E+00 , +0.000000000E+00 , 3.1622777E+05 , 5.0000000E+01 , 2.0000000E+01 , 0.0000000E+00 , P
       344 , -1.005612341E+17 , +0.000000000E+00 , +0.000000000E+00 , 3.1622777E+05 , 5.0000000E+01 , 2.0000000E+01 , 0.0000000E+00 , P
       345 , -1.005611838E+17 , +0.000000000E+00 , +0.000000000E+00 , 3.1622777E+05 , 5.0000000E+01 , 2.0000000E+01 , 0.0000000E+00 , P
       346 , -1.005611336E+17 , +0.000000000E+00 , +0.000000000E+00 , 3.1622777E+05 , 5.0000000E+01 , 2.0000000E+01 , 0.0000000E+00 , P
       347 , -1.005610833E+17 , +0.000000000E+00 , +0.000000000E+00 , 3.1622777E+05 , 5.0000000E+01 , 2.0000000E+01 , 0.0000000E+00 , P
       348 , -1.005610330E+17 , +0.000000000E+00 , +0.000000000E+00 , 3.1622777E+05 , 5.0000000E+01 , 2.0000000E+01 , 0.0000000E+00 , P
       349 , -1.005609827E+17 , +0.000000000E+00 , +0.000000000E+00 , 3.1622777E+05 , 5.0000000E+01 , 2.0000000E+01 , 0.0000000E+00 , P
       350 , -1.005609324E+17 , +0.000000000E+00 , +0.000000000E+00 , 3.1622777E+05 , 5.0000000E+01 , 2.0000000E+01 , 0.0000000E+00 , P
       351 , -1.005608821E+17 , +0.000000000E+00 , +0.000000000E+00 , 3.1622777E+05 , 5.0000000E+01 , 2.0000000E+01 , 0.0000000E+00 , P
       352 , -1.005608319E+17 , +0.000000000E+00 , +0.000000000E+00 , 3.1622777E+05 , 5.0000000E+01 , 2.0000000E+01 , 0.0000000E+00 , P
       353 , -1.005607816E+17 , +0.000000000E+00 , +0.000000000E+00 , 3.1622777E+05 , 5.0000000E+01 , 2.0000000E+01 , 0.0000000E+00 , P
       354 , -1.005607313E+17 , +0.000000000E+00 , +0.000000000E+00 , 3.1622777E+05 , 5.0000000E+01 , 2.0000000E+01 , 0.0000000E+00 , P
       355 , -1.005606810E+17 , +0.000000000E+00 , +0.000000000E+00 , 3.1622777E+05 , 5.0000000E+01 , 2.0000000E+01 , 0.0000000E+00 , P
       356 , -1.005606307E+17 , +0.000000000E+00 , +0.000000000E+00 , 3.1622777E+05 , 5.0000000E+01 , 2.0000000E+01 , 0.0000000E+00 , P
       357 , -1.005605804E+17 , +0.000000000E+00 , +0.000000000E+00 , 3.1622777E+05 , 5.0000000E+01 , 2.0000000E+01 , 0.0000000E+00 , P
       358 , -1.005605302E+17 , +0.000000000E+00 , +0.000000000E+00 , 3.1622777E+05 , 5.0000000E+01 , 2.0000000E+01 , 0.0000000E+00 , P
       359 , -1.005604799E+17 , +0.000000000E+00 , +0.000000000E+00 , 3.1622777E+05 , 5.0000000E+01 , 2.0000000E+01 , 0.0000000E+00 , P
       360 , -1.005604296E+17 , +0.000000000E+00 , +0.000000000E+00 , 3.1622777E+05 , 5.0000000E+01 , 2.0000000E+01 , 0.0000000E+00 , P
       361 , -1.005603793E+17 , +0.000000000E+00 , +0.000000000E+00 , 3.1622777E+05 , 5.0000000E+01 , 2.0000000E+01 , 0.0000000E+00 , P
       362 , -1.005603290E+17 , +0.000000000E+00 , +0.000000000E+00 , 3.1622777E+05 , 5.0000000E+01 , 2.0000000E+01 , 0.0000000E+00 , P
       363 , -1.005598262E+17 , +0.000000000E+00 , +0.000000000E+00 , 3.1622777E+05 , 5.0000000E+01 , 2.0000000E+01 , 0.0000000E+00 , P
       364 , -1.005593234E+17 , +0.000000000E+00 , +0.000000000E+00 , 3.1622777E+05 , 5.0000000E+01 , 2.0000000E+01 , 0.0000000E+00 , P
       365 , -1.005588205E+17 , +0.000000000E+00 , +0.000000000E+00 , 3.1622777E+05 , 5.0000000E+01 , 2.0000000E+01 , 0.0000000E+00 , P
       366 , -1.005583177E+17 , +0.000000000E+00 , +0.000000000E+00 , 3.1622777E+05 , 5.0000000E+01 , 2.0000000E+01 , 0.0000000E+00 , P
       367 , -1.005578149E+17 , +0.000000000E+00 , +0.000000000E+00 , 3.1622777E+05 , 5.0000000E+01 , 2.0000000E+01 , 0.0000000E+00 , P
       368 , -1.005573121E+17 , +0.000000000E+00 , +0.000000000E+00 , 3.1622777E+05 , 5.0000000E+01 , 2.0000000E+01 , 0.0000000E+00 , P
       369 , -1.005568092E+17 , +0.000000000E+00 , +0.000000000E+00 , 3.1622777E+05 , 5.0000000E+01 , 2.0000000E+01 , 0.0000000E+00 , P
       370 , -1.005563064E+17 , +0.000000000E+00 , +0.000000000E+00 , 3.1622777E+05 , 5.0000000E+01 , 2.0000000E+01 , 0.0000000E+00 , P
       371 , -1.005558036E+17 , +0.000000000E+00 , +0.000000000E+00 , 3.1622777E+05 , 5.0000000E+01 , 2.0000000E+01 , 0.0000000E+00 , P
       372 , -1.005553008E+17 , +0.000000000E+00 , +0.000000000E+00 , 3.1622777E+05 , 5.0000000E+01 , 2.0000000E+01 , 0.0000000E+00 , P
       373 , -1.005547979E+17 , +0.000000000E+00 , +0.000000000E+00 , 3.1622777E+05 , 5.0000000E+01 , 2.0000000E+01 , 0.0000000E+00 , P
       374 , -1.005542951E+17 , +0.000000000E+00 , +0.000000000E+00 , 3.1622777E+05 , 5.0000000E+01 , 2.0000000E+01 , 0.0000000E+00 , P
       375 , -1.005537923E+17 , +0.000000000E+00 , +0.000000000E+00 , 3.1622777E+05 , 5.0000000E+01 , 2.0000000E+01 , 0.0000000E+00 , P
       376 , -1.005532895E+17 , +0.000000000E+00 , +0.000000000E+00 , 3.1622777E+05 , 5.0000000E+01 , 2.0000000E+01 , 0.0000000E+00 , P
       377 , -1.005527866E+17 , +0.000000000E+00 , +0.000000000E+00 , 3.1622777E+05 , 5.0000000E+01 , 2.0000000E+01 , 0.0000000E+00 , P
       378 , -1.005522838E+17 , +0.000000000E+00 , +0.000000000E+00 , 3.1622777E+05 , 5.0000000E+01 , 2.0000000E+01 , 0.0000000E+00 , P
       379 , -1.005517810E+17 , +0.000000000E+00 , +0.000000000E+00 , 3.1622777E+05 , 5.0000000E+01 , 2.0000000E+01 , 0.0000000E+00 , P
       380 , -1.005512781E+17 , +0.000000000E+00 , +0.000000000E+00 , 3.1622777E+05 , 5.0000000E+01 , 2.0000000E+01 , 0.0000000E+00 , P
       381 , -1.005507753E+17 , +0.000000000E+00 , +0.000000000E+00 , 3.1622777E+05 , 5.0000000E+01 , 2.0000000E+01 , 0.0000000E+00 , P
       382 , -1.005502725E+17 , +0.000000000E+00 , +0.000000000E+00 , 3.1622777E+05 , 5.0000000E+01 , 2.0000000E+01 , 0.0000000E+00 , P
       383 , -1.005497697E+17 , +0.000000000E+00 , +0.000000000E+00 , 3.1622777E+05 , 5.0000000E+01 , 2.0000000E+01 , 0.0000000E+00 , P
       384 , -1.005492668E+17 , +0.000000000E+00 , +0.000000000E+00 , 3.1622777E+05 , 5.0000000E+01 , 2.0000000E+01 , 0.0000000E+00 , P
       385 , -1.005487640E+17 , +0.000000000E+00 , +0.000000000E+00 , 3.1622777E+05 , 5.0000000E+01 , 2.0000000E+01 , 0.0000000E+00 , P
       386 , -1.005482612E+17 , +0.000000000E+00 , +0.000000000E+00 , 3.1622777E+05 , 5.0000000E+01 , 2.0000000E+01 , 0.0000000E+00 , P
       387 , -1.005477584E+17 , +0.000000000E+00 , +0.000000000E+00 , 3.1622777E+05 , 5.0000000E+01 , 2.0000000E+01 , 0.0000000E+00 , P
       388 , -1.005472555E+17 , +0.000000000E+00 , +0.000000000E+00 , 3.1622777E+05 , 5.0000000E+01 , 2.0000000E+01 , 0.0000000E+00 , P
       389 , -1.005467527E+17 , +0.000000000E+00 , +0.000000000E+00 , 3.1622777E+05 , 5.0000000E+01 , 2.0000000E+01 , 0.0000000E+00 , P
       390 , -1.005462499E+17 , +0.000000000E+00 , +0.000000000E+00 , 3.1622777E+05 , 5.0000000E+01 , 2.0000000E+01 , 0.0000000E+00 , P
       391 , -1.005457471E+17 , +0.000000000E+00 , +0.000000000E+00 , 3.1622777E+05 , 5.0000000E+01 , 2.0000000E+01 , 0.0000000E+00 , P
       392 , -1.005452442E+17 , +0.000000000E+00 , +0.000000000E+00 , 3.1622777E+05 , 5.0000000E+01 , 2.0000000E+01 , 0.0000000E+00 , P
       393 , -1.005447414E+17 , +0.000000000E+00 , +0.000000000E+00 , 3.1622777E+05 , 5.0000000E+01 , 2.0000000E+01 , 0.0000000E+00 , P
       394 , -1.005442386E+17 , +0.000000000E+00 , +0.000000000E+00 , 3.1622777E+05 , 5.0000000E+01 , 2.0000000E+01 , 0.0000000E+00 , P
       395 , -1.005437357E+17 , +0.000000000E+00 , +0.000000000E+00 , 3.1622777E+05 , 5.0000000E+01 , 2.0000000E+01 , 0.0000000E+00 , P
       396 , -1.005432329E+17 , +0.000000000E+00 , +0.000000000E+00 , 3.1622777E+05 , 5.0000000E+01 , 2.0000000E+01 , 0.0000000E+00 , P
       397 , -1.005427301E+17 , +0.000000000E+00 , +0.000000000E+00 , 3.1622777E+05 , 5.0000000E+01 , 2.0000000E+01 , 0.0000000E+00 , P
       398 , -1.005422273E+17 , +0.000000000E+00 , +0.000000000E+00 , 3.1622777E+05 , 5.0000000E+01 , 2.0000000E+01 , 0.0000000E+00 , P
       399 , -1.005417244E+17 , +0.000000000E+00 , +0.000000000E+00 , 3.1622777E+05 , 5.0000000E+01 , 2.0000000E+01 , 0.0000000E+00 , P
       400 , -1.005412216E+17 , +0.000000000E+00 , +0.000000000E+00 , 3.1622777E+05 , 5.0000000E+01 , 2.0000000E+01 , 0.0000000E+00 , P
       401 , -1.005407188E+17 , +0.000000000E+00 , +0.000000000E+00 , 3.1622777E+05 , 5.0000000E+01 , 2.0000000E+01 , 0.0000000E+00 , P
       402 , -1.005402160E+17 , +0.000000000E+00 , +0.000000000E+00 , 3.1622777E+05 , 5.0000000E+01 , 2.0000000E+01 , 0.0000000E+00 , P
       403 , -1.005397131E+17 , +0.000000000E+00 , +0.000000000E+00 , 3.1622777E+05 , 5.0000000E+01 , 2.0000000E+01 , 0.0000000E+00 , P
       404 , -1.005392103E+17 , +0.000000000E+00 , +0.000000000E+00 , 3.1622777E+05 , 5.0000000E+01 , 2.0000000E+01 , 0.0000000E+00 , P
       405 , -1.005387075E+17 , +0.000000000E+00 , +0.000000000E+00 , 3.1622777E+05 , 5.0000000E+01 , 2.0000000E+01 , 0.0000000E+00 , P
       406 , -1.005382046E+17 , +0.000000000E+00 , +0.000000000E+00 , 3.1622777E+05 , 5.0000000E+01 , 2.0000000E+01 , 0.0000000E+00 , P
       407 , -1.005377018E+17 , +0.000000000E+00 , +0.000000000E+00 , 3.1622777E+05 , 5.0000000E+01 , 2.0000000E+01 , 0.0000000E+00 , P
       408 , -1.005371990E+17 , +0.000000000E+00 , +0.000000000E+00 , 3.1622777E+05 , 5.0000000E+01 , 2.0000000E+01 , 0.0000000E+00 , P
       409 , -1.005366962E+17 , +0.000000000E+00 , +0.000000000E+00 , 3.1622777E+05 , 5.0000000E+01 , 2.0000000E+01 , 0.0000000E+00 , P
       410 , -1.005361933E+17 , +0.000000000E+00 , +0.000000000E+00 , 3.1622777E+05 , 5.0000000E+01 , 2.0000000E+01 , 0.0000000E+00 , P
       411 , -1.005356905E+17 , +0.000000000E+00 , +0.000000000E+00 , 3.1622777E+05 , 5.0000000E+01 , 2.0000000E+01 , 0.0000000E+00 , P
       412 , -1.005351877E+17 , +0.000000000E+00 , +0.000000000E+00 , 3.1622777E+05 , 5.0000000E+01 , 2.0000000E+01 , 0.0000000E+00 , P
       413 , -1.005346849E+17 , +0.000000000E+00 , +0.000000000E+00 , 3.1622777E+05 , 5.0000000E+01 , 2.0000000E+01 , 0.0000000E+00 , P
       414 , -1.005341820E+17 , +0.000000000E+00 , +0.000000000E+00 , 3.1622777E+05 , 5.0000000E+01 , 2.0000000E+01 , 0.0000000E+00 , P
       415 , -1.005336792E+17 , +0.000000000E+00 , +0.000000000E+00 , 3.1622777E+05 , 5.0000000E+01 , 2.0000000E+01 , 0.0000000E+00 , P
       416 , -1.005331764E+17 , +0.000000000E+00 , +0.000000000E+00 , 3.1622777E+05 , 5.0000000E+01 , 2.0000000E+01 , 0.0000000E+00 , P
       417 , -1.005326736E+17 , +0.000000000E+00 , +0.000000000E+00 , 3.1622777E+05 , 5.0000000E+01 , 2.0000000E+01 , 0.0000000E+00 , P
       418 , -1.005321707E+17 , +0.000000000E+00 , +0.000000000E+00 , 3.1622777E+05 , 5.0000000E+01 , 2.0000000E+01 , 0.0000000E+00 , P
       419 , -1.005316679E+17 , +0.000000000E+00 , +0.000000000E+00 , 3.1622777E+05 , 5.0000000E+01 , 2.0000000E+01 , 0.0000000E+00 , P
       420 , -1.005311651E+17 , +0.000000000E+00 , +0.000000000E+00 , 3.1622777E+05 , 5.0000000E+01 , 2.0000000E+01 , 0.0000000E+00 , P
       421 , -1.005306622E+17 , +0.000000000E+00 , +0.000000000E+00 , 3.1622777E+05 , 5.0000000E+01 , 2.0000000E+01 , 0.0000000E+00 , P
       422 , -1.005301594E+17 , +0.000000000E+00 , +0.000000000E+00 , 3.1622777E+05 , 5.0000000E+01 , 2.0000000E+01 , 0.0000000E+00 , P
       423 , -1.005296566E+17 , +0.000000000E+00 , +0.000000000E+00 , 3.1622777E+05 , 5.0000000E+01 , 2.0000000E+01 , 0.0000000E+00 , P
       424 , -1.005291538E+17 , +0.000000000E+00 , +0.000000000E+00 , 3.1622777E+05 , 5.0000000E+01 , 2.0000000E+01 , 0.0000000E+00 , P
       425 , -1.005286509E+17 , +0.000000000E+00 , +0.000000000E+00 , 3.1622777E+05 , 5.0000000E+01 , 2.0000000E+01 , 0.0000000E+00 , P
       426 , -1.005281481E+17 , +0.000000000E+00 , +0.000000000E+00 , 3.1622777E+05 , 5.0000000E+01 , 2.0000000E+01 , 0.0000000E+00 , P
       427 , -1.005276453E+17 , +0.000000000E+00 , +0.000000000E+00 , 3.1622777E+05 , 5.0000000E+01 , 2.0000000E+01 , 0.0000000E+00 , P
       428 , -1.005271425E+17 , +0.000000000E+00 , +0.000000000E+00 , 3.1622777E+05 , 5.0000000E+01 , 2.0000000E+01 , 0.0000000E+00 , P
       429 , -1.005266396E+17 , +0.000000000E+00 , +0.000000000E+00 , 3.1622777E+05 , 5.0000000E+01 , 2.0000000E+01 , 0.0000000E+00 , P
       430 , -1.005261368E+17 , +0.000000000E+00 , +0.000000000E+00 , 3.1622777E+05 , 5.0000000E+01 , 2.0000000E+01 , 0.0000000E+00 , P
       431 , -1.005256340E+17 , +0.000000000E+00 , +0.000000000E+00 , 3.1622777E+05 , 5.0000000E+01 , 2.0000000E+01 , 0.0000000E+00 , P
       432 , -1.005251312E+17 , +0.000000000E+00 , +0.000000000E+00 , 3.1622777E+05 , 5.0000000E+01 , 2.0000000E+01 , 0.0000000E+00 , P
       433 , -1.005246283E+17 , +0.000000000E+00 , +0.000000000E+00 , 3.1622777E+05 , 5.0000000E+01 , 2.0000000E+01 , 0.0000000E+00 , P
       434 , -1.005241255E+17 , +0.000000000E+00 , +0.000000000E+00 , 3.1622777E+05 , 5.0000000E+01 , 2.0000000E+01 , 0.0000000E+00 , P
       435 , -1.005236227E+17 , +0.000000000E+00 , +0.000000000E+00 , 3.1622777E+05 , 5.0000000E+01 , 2.0000000E+01 , 0.0000000E+00 , P
       436 , -1.005231198E+17 , +0.000000000E+00 , +0.000000000E+00 , 3.1622777E+05 , 5.0000000E+01 , 2.0000000E+01 , 0.0000000E+00 , P
       437 , -1.005226170E+17 , +0.000000000E+00 , +0.000000000E+00 , 3.1622777E+05 , 5.0000000E+01 , 2.0000000E+01 , 0.0000000E+00 , P
       438 , -1.005221142E+17 , +0.000000000E+00 , +0.000000000E+00 , 3.1622777E+05 , 5.0000000E+01 , 2.0000000E+01 , 0.0000000E+00 , P
       439 , -1.005216114E+17 , +0.000000000E+00 , +0.000000000E+00 , 3.1622777E+05 , 5.0000000E+01 , 2.0000000E+01 , 0.0000000E+00 , P
       440 , -1.005211085E+17 , +0.000000000E+00 , +0.000000000E+00 , 3.1622777E+05 , 5.0000000E+01 , 2.0000000E+01 , 0.0000000E+00 , P
       441 , -1.005206057E+17 , +0.000000000E+00 , +0.000000000E+00 , 3.1622777E+05 , 5.0000000E+01 , 2.0000000E+01 , 0.0000000E+00 , P
       442 , -1.005201029E+17 , +0.000000000E+00 , +0.000000000E+00 , 3.1622777E+05 , 5.0000000E+01 , 2.0000000E+01 , 0.0000000E+00 , P
       443 , -1.005196001E+17 , +0.000000000E+00 , +0.000000000E+00 , 3.1622777E+05 , 5.0000000E+01 , 2.0000000E+01 , 0.0000000E+00 , P
       444 , -1.005190972E+17 , +0.000000000E+00 , +0.000000000E+00 , 3.1622777E+05 , 5.0000000E+01 , 2.0000000E+01 , 0.0000000E+00 , P
       445 , -1.005185944E+17 , +0.000000000E+00 , +0.000000000E+00 , 3.1622777E+05 , 5.0000000E+01 , 2.0000000E+01 , 0.0000000E+00 , P
       446 , -1.005180916E+17 , +0.000000000E+00 , +0.000000000E+00 , 3.1622777E+05 , 5.0000000E+01 , 2.0000000E+01 , 0.0000000E+00 , P
       447 , -1.005175888E+17 , +0.000000000E+00 , +0.000000000E+00 , 3.1622777E+05 , 5.0000000E+01 , 2.0000000E+01 , 0.0000000E+00 , P
       448 , -1.005170859E+17 , +0.000000000E+00 , +0.000000000E+00 , 3.1622777E+05 , 5.0000000E+01 , 2.0000000E+01 , 0.0000000E+00 , P
       449 , -1.005165831E+17 , +0.000000000E+00 , +0.000000000E+00 , 3.1622777E+05 , 5.0000000E+01 , 2.0000000E+01 , 0.0000000E+00 , P
       450 , -1.005160803E+17 , +0.000000000E+00 , +0.000000000E+00 , 3.1622777E+05 , 5.0000000E+01 , 2.0000000E+01 , 0.0000000E+00 , P
       451 , -1.005155774E+17 , +0.000000000E+00 , +0.000000000E+00 , 3.1622777E+05 , 5.0000000E+01 , 2.0000000E+01 , 0.0000000E+00 , P
       452 , -1.005150746E+17 , +0.000000000E+00 , +0.000000000E+00 , 3.1622777E+05 , 5.0000000E+01 , 2.0000000E+01 , 0.0000000E+00 , P
       453 , -1.005100463E+17 , +0.000000000E+00 , +0.000000000E+00 , 3.1622777E+05 , 5.0000000E+01 , 2.0000000E+01 , 0.0000000E+00 , P
       454 , -1.005050181E+17 , +0.000000000E+00 , +0.000000000E+00 , 3.1622777E+05 , 5.0000000E+01 , 2.0000000E+01 , 0.0000000E+00 , P
       455 , -1.004999898E+17 , +0.000000000E+00 , +0.000000000E+00 , 3.1622777E+05 , 5.0000000E+01 , 2.0000000E+01 , 0.0000000E+00 , P
       456 , -1.004949615E+17 , +0.000000000E+00 , +0.000000000E+00 , 3.1622777E+05 , 5.0000000E+01 , 2.0000000E+01 , 0.0000000E+00 , P
       457 , -1.004899333E+17 , +0.000000000E+00 , +0.000000000E+00 , 3.1622777E+05 , 5.0000000E+01 , 2.0000000E+01 , 0.0000000E+00 , P
       458 , -1.004849050E+17 , +0.000000000E+00 , +0.000000000E+00 , 3.1622777E+05 , 5.0000000E+01 , 2.0000000E+01 , 0.0000000E+00 , P
       459 , -1.004798767E+17 , +0.000000000E+00 , +0.000000000E+00 , 3.1622777E+05 , 5.0000000E+01 , 2.0000000E+01 , 0.0000000E+00 , P
       460 , -1.004748485E+17 , +0.000000000E+00 , +0.000000000E+00 , 3.1622777E+05 , 5.0000000E+01 , 2.0000000E+01 , 0.0000000E+00 , P
       461 , -1.004698202E+17 , +0.000000000E+00 , +0.000000000E+00 , 3.1622777E+05 , 5.0000000E+01 , 2.0000000E+01 , 0.0000000E+00 , P
       462 , -1.004647919E+17 , +0.000000000E+00 , +0.000000000E+00 , 3.1622777E+05 , 5.0000000E+01 , 2.0000000E+01 , 0.0000000E+00 , P
       463 , -1.004597637E+17 , +0.000000000E+00 , +0.000000000E+00 , 3.1622777E+05 , 5.0000000E+01 , 2.0000000E+01 , 0.0000000E+00 , P
       464 , -1.004547354E+17 , +0.000000000E+00 , +0.000000000E+00 , 3.1622777E+05 , 5.0000000E+01 , 2.0000000E+01 , 0.0000000E+00 , P
       465 , -1.004497071E+17 , +0.000000000E+00 , +0.000000000E+00 , 3.1622777E+05 , 5.0000000E+01 , 2.0000000E+01 , 0.0000000E+00 , P
       466 , -1.004446789E+17 , +0.000000000E+00 , +0.000000000E+00 , 3.1622777E+05 , 5.0000000E+01 , 2.0000000E+01 , 0.0000000E+00 , P
       467 , -1.004396506E+17 , +0.000000000E+00 , +0.000000000E+00 , 3.1622777E+05 , 5.0000000E+01 , 2.0000000E+01 , 0.0000000E+00 , P
       468 , -1.004346223E+17 , +0.000000000E+00 , +0.000000000E+00 , 3.1622777E+05 , 5.0000000E+01 , 2.0000000E+01 , 0.0000000E+00 , P
       469 , -1.004295941E+17 , +0.000000000E+00 , +0.000000000E+00 , 3.1622777E+05 , 5.0000000E+01 , 2.0000000E+01 , 0.0000000E+00 , P
       470 , -1.004245658E+17 , +0.000000000E+00 , +0.000000000E+00 , 3.1622777E+05 , 5.0000000E+01 , 2.0000000E+01 , 0.0000000E+00 , P
       471 , -1.004195375E+17 , +0.000000000E+00 , +0.000000000E+00 , 3.1622777E+05 , 5.0000000E+01 , 2.0000000E+01 , 0.0000000E+00 , P
       472 , -1.004145093E+17 , +0.000000000E+00 , +0.000000000E+00 , 3.1622777E+05 , 5.0000000E+01 , 2.0000000E+01 , 0.0000000E+00 , P
       473 , -1.004094810E+17 , +0.000000000E+00 , +0.000000000E+00 , 3.1622777E+05 , 5.0000000E+01 , 2.0000000E+01 , 0.0000000E+00 , P
       474 , -1.004044527E+17 , +0.000000000E+00 , +0.000000000E+00 , 3.1622777E+05 , 5.0000000E+01 , 2.0000000E+01 , 0.0000000E+00 , P
       475 , -1.003994245E+17 , +0.000000000E+00 , +0.000000000E+00 , 3.1622777E+05 , 5.0000000E+01 , 2.0000000E+01 , 0.0000000E+00 , P
       476 , -1.003943962E+17 , +0.000000000E+00 , +0.000000000E+00 , 3.1622777E+05 , 5.0000000E+01 , 2.0000000E+01 , 0.0000000E+00 , P
       477 , -1.003893679E+17 , +0.000000000E+00 , +0.000000000E+00 , 3.1622777E+05 , 5.0000000E+01 , 2.0000000E+01 , 0.0000000E+00 , P
       478 , -1.003843397E+17 , +0.000000000E+00 , +0.000000000E+00 , 3.1622777E+05 , 5.0000000E+01 , 2.0000000E+01 , 0.0000000E+00 , P
       479 , -1.003793114E+17 , +0.000000000E+00 , +0.000000000E+00 , 3.1622777E+05 , 5.0000000E+01 , 2.0000000E+01 , 0.0000000E+00 , P
       480 , -1.003742831E+17 , +0.000000000E+00 , +0.000000000E+00 , 3.1622777E+05 , 5.0000000E+01 , 2.0000000E+01 , 0.0000000E+00 , P
       481 , -1.003692548E+17 , +0.000000000E+00 , +0.000000000E+00 , 3.1622777E+05 , 5.0000000E+01 , 2.0000000E+01 , 0.0000000E+00 , P
       482 , -1.003642266E+17 , +0.000000000E+00 , +0.000000000E+00 , 3.1622777E+05 , 5.0000000E+01 , 2.0000000E+01 , 0.0000000E+00 , P
       483 , -1.003591983E+17 , +0.000000000E+00 , +0.000000000E+00 , 3.1622777E+05 , 5.0000000E+01 , 2.0000000E+01 , 0.0000000E+00 , P
       484 , -1.003541700E+17 , +0.000000000E+00 , +0.000000000E+00 , 3.1622777E+05 , 5.0000000E+01 , 2.0000000E+01 , 0.0000000E+00 , P
       485 , -1.003491418E+17 , +0.000000000E+00 , +0.000000000E+00 , 3.1622777E+05 , 5.0000000E+01 , 2.0000000E+01 , 0.0000000E+00 , P
       486 , -1.003441135E+17 , +0.000000000E+00 , +0.000000000E+00 , 3.1622777E+05 , 5.0000000E+01 , 2.0000000E+01 , 0.0000000E+00 , P
       487 , -1.003390852E+17 , +0.000000000E+00 , +0.000000000E+00 , 3.1622777E+05 , 5.0000000E+01 , 2.0000000E+01 , 0.0000000E+00 , P
       488 , -1.003340570E+17 , +0.000000000E+00 , +0.000000000E+00 , 3.1622777E+05 , 5.0000000E+01 , 2.0000000E+01 , 0.0000000E+00 , P
       489 , -1.003290287E+17 , +0.000000000E+00 , +0.000000000E+00 , 3.1622777E+05 , 5.0000000E+01 , 2.0000000E+01 , 0.0000000E+00 , P
       490 , -1.003240004E+17 , +0.000000000E+00 , +0.000000000E+00 , 3.1622777E+05 , 5.0000000E+01 , 2.0000000E+01 , 0.0000000E+00 , P
       491 , -1.003189722E+17 , +0.000000000E+00 , +0.000000000E+00 , 3.1622777E+05 , 5.0000000E+01 , 2.0000000E+01 , 0.0000000E+00 , P
       492 , -1.003139439E+17 , +0.000000000E+00 , +0.000000000E+00 , 3.1622777E+05 , 5.0000000E+01 , 2.0000000E+01 , 0.0000000E+00 , P
       493 , -1.003089156E+17 , +0.000000000E+00 , +0.000000000E+00 , 3.1622777E+05 , 5.0000000E+01 , 2.0000000E+01 , 0.0000000E+00 , P
       494 , -1.003038874E+17 , +0.000000000E+00 , +0.000000000E+00 , 3.1622777E+05 , 5.0000000E+01 , 2.0000000E+01 , 0.0000000E+00 , P
       495 , -1.002988591E+17 , +0.000000000E+00 , +0.000000000E+00 , 3.1622777E+05 , 5.0000000E+01 , 2.0000000E+01 , 0.0000000E+00 , P
       496 , -1.002938308E+17 , +0.000000000E+00 , +0.000000000E+00 , 3.1622777E+05 , 5.0000000E+01 , 2.0000000E+01 , 0.0000000E+00 , P
       497 , -1.002888026E+17 , +0.000000000E+00 , +0.000000000E+00 , 3.1622777E+05 , 5.0000000E+01 , 2.0000000E+01 , 0.0000000E+00 , P
       498 , -1.002837743E+17 , +0.000000000E+00 , +0.000000000E+00 , 3.1622777E+05 , 5.0000000E+01 , 2.0000000E+01 , 0.0000000E+00 , P
       499 , -1.002787460E+17 , +0.000000000E+00 , +0.000000000E+00 , 3.1622777E+05 , 5.0000000E+01 , 2.0000000E+01 , 0.0000000E+00 , P
       500 , -1.002737178E+17 , +0.000000000E+00 , +0.000000000E+00 , 3.1622777E+05 , 5.0000000E+01 , 2.0000000E+01 , 0.0000000E+00 , P
       501 , -1.002686895E+17 , +0.000000000E+00 , +0.000000000E+00 , 3.1622777E+05 , 5.0000000E+01 , 2.0000000E+01 , 0.0000000E+00 , P
       502 , -1.002636612E+17 , +0.000000000E+00 , +0.000000000E+00 , 3.1622777E+05 , 5.0000000E+01 , 2.0000000E+01 , 0.0000000E+00 , P
       503 , -1.002586330E+17 , +0.000000000E+00 , +0.000000000E+00 , 3.1622777E+05 , 5.0000000E+01 , 2.0000000E+01 , 0.0000000E+00 , P
       504 , -1.002536047E+17 , +0.000000000E+00 , +0.000000000E+00 , 3.1622777E+05 , 5.0000000E+01 , 2.0000000E+01 , 0.0000000E+00 , P
       505 , -1.002485764E+17 , +0.000000000E+00 , +0.000000000E+00 , 3.1622777E+05 , 5.0000000E+01 , 2.0000000E+01 , 0.0000000E+00 , P
       506 , -1.002435482E+17 , +0.000000000E+00 , +0.000000000E+00 , 3.1622777E+05 , 5.0000000E+01 , 2.0000000E+01 , 0.0000000E+00 , P
       507 , -1.002385199E+17 , +0.000000000E+00 , +0.000000000E+00 , 3.1622777E+05 , 5.0000000E+01 , 2.0000000E+01 , 0.0000000E+00 , P
       508 , -1.002334916E+17 , +0.000000000E+00 , +0.000000000E+00 , 3.1622777E+05 , 5.0000000E+01 , 2.0000000E+01 , 0.0000000E+00 , P
       509 , -1.002284633E+17 , +0.000000000E+00 , +0.000000000E+00 , 3.1622777E+05 , 5.0000000E+01 , 2.0000000E+01 , 0.0000000E+00 , P
       510 , -1.002234351E+17 , +0.000000000E+00 , +0.000000000E+00 , 3.1622777E+05 , 5.0000000E+01 , 2.0000000E+01 , 0.0000000E+00 , P
       511 , -1.002184068E+17 , +0.000000000E+00 , +0.000000000E+00 , 3.1622777E+05 , 5.0000000E+01 , 2.0000000E+01 , 0.0000000E+00 , P
       512 , -1.002133785E+17 , +0.000000000E+00 , +0.000000000E+00 , 3.1622777E+05 , 5.0000000E+01 , 2.0000000E+01 , 0.0000000E+00 , P
       513 , -1.002083503E+17 , +0.000000000E+00 , +0.000000000E+00 , 3.1622777E+05 , 5.0000000E+01 , 2.0000000E+01 , 0.0000000E+00 , P
       514 , -1.002033220E+17 , +0.000000000E+00 , +0.000000000E+00 , 3.1622777E+05 , 5.0000000E+01 , 2.0000000E+01 , 0.0000000E+00 , P
       515 , -1.001982937E+17 , +0.000000000E+00 , +0.000000000E+00 , 3.1622777E+05 , 5.0000000E+01 , 2.0000000E+01 , 0.0000000E+00 , P
       516 , -1.001932655E+17 , +0.000000000E+00 , +0.000000000E+00 , 3.1622777E+05 , 5.0000000E+01 , 2.0000000E+01 , 0.0000000E+00 , P
       517 , -1.001882372E+17 , +0.000000000E+00 , +0.000000000E+00 , 3.1622777E+05 , 5.0000000E+01 , 2.0000000E+01 , 0.0000000E+00 , P
       518 , -1.001832089E+17 , +0.000000000E+00 , +0.000000000E+00 , 3.1622777E+05 , 5.0000000E+01 , 2.0000000E+01 , 0.0000000E+00 , P
       519 , -1.001781807E+17 , +0.000000000E+00 , +0.000000000E+00 , 3.1622777E+05 , 5.0000000E+01 , 2.0000000E+01 , 0.0000000E+00 , P
       520 , -1.001731524E+17 , +0.000000000E+00 , +0.000000000E+00 , 3.1622777E+05 , 5.0000000E+01 , 2.0000000E+01 , 0.0000000E+00 , P
       521 , -1.001681241E+17 , +0.000000000E+00 , +0.000000000E+00 , 3.1622777E+05 , 5.0000000E+01 , 2.0000000E+01 , 0.0000000E+00 , P
       522 , -1.001630959E+17 , +0.000000000E+00 , +0.000000000E+00 , 3.1622777E+05 , 5.0000000E+01 , 2.0000000E+01 , 0.0000000E+00 , P
       523 , -1.001580676E+17 , +0.000000000E+00 , +0.000000000E+00 , 3.1622777E+05 , 5.0000000E+01 , 2.0000000E+01 , 0.0000000E+00 , P
       524 , -1.001530393E+17 , +0.000000000E+00 , +0.000000000E+00 , 3.1622777E+05 , 5.0000000E+01 , 2.0000000E+01 , 0.0000000E+00 , P
       525 , -1.001480111E+17 , +0.000000000E+00 , +0.000000000E+00 , 3.1622777E+05 , 5.0000000E+01 , 2.0000000E+01 , 0.0000000E+00 , P
       526 , -1.001429828E+17 , +0.000000000E+00 , +0.000000000E+00 , 3.1622777E+05 , 5.0000000E+01 , 2.0000000E+01 , 0.0000000E+00 , P
       527 , -1.001379545E+17 , +0.000000000E+00 , +0.000000000E+00 , 3.1622777E+05 , 5.0000000E+01 , 2.0000000E+01 , 0.0000000E+00 , P
       528 , -1.001329263E+17 , +0.000000000E+00 , +0.000000000E+00 , 3.1622777E+05 , 5.0000000E+01 , 2.0000000E+01 , 0.0000000E+00 , P
       529 , -1.001278980E+17 , +0.000000000E+00 , +0.000000000E+00 , 3.1622777E+05 , 5.0000000E+01 , 2.0000000E+01 , 0.0000000E+00 , P
       530 , -1.001228697E+17 , +0.000000000E+00 , +0.000000000E+00 , 3.1622777E+05 , 5.0000000E+01 , 2.0000000E+01 , 0.0000000E+00 , P
       531 , -1.001178415E+17 , +0.000000000E+00 , +0.000000000E+00 , 3.1622777E+05 , 5.0000000E+01 , 2.0000000E+01 , 0.0000000E+00 , P
       532 , -1.001128132E+17 , +0.000000000E+00 , +0.000000000E+00 , 3.1622777E+05 , 5.0000000E+01 , 2.0000000E+01 , 0.0000000E+00 , P
       533 , -1.001077849E+17 , +0.000000000E+00 , +0.000000000E+00 , 3.1622777E+05 , 5.0000000E+01 , 2.0000000E+01 , 0.0000000E+00 , P
       534 , -1.001027567E+17 , +0.000000000E+00 , +0.000000000E+00 , 3.1622777E+05 , 5.0000000E+01 , 2.0000000E+01 , 0.0000000E+00 , P
       535 , -1.000977284E+17 , +0.000000000E+00 , +0.000000000E+00 , 3.1622777E+05 , 5.0000000E+01 , 2.0000000E+01 , 0.0000000E+00 , P
       536 , -1.000927001E+17 , +0.000000000E+00 , +0.000000000E+00 , 3.1622777E+05 , 5.0000000E+01 , 2.0000000E+01 , 0.0000000E+00 , P
       537 , -1.000876718E+17 , +0.000000000E+00 , +0.000000000E+00 , 3.1622777E+05 , 5.0000000E+01 , 2.0000000E+01 , 0.0000000E+00 , P
       538 , -1.000826436E+17 , +0.000000000E+00 , +0.000000000E+00 , 3.1622777E+05 , 5.0000000E+01 , 2.0000000E+01 , 0.0000000E+00 , P
       539 , -1.000776153E+17 , +0.000000000E+00 , +0.000000000E+00 , 3.1622777E+05 , 5.0000000E+01 , 2.0000000E+01 , 0.0000000E+00 , P
       540 , -1.000725870E+17 , +0.000000000E+00 , +0.000000000E+00 , 3.1622777E+05 , 5.0000000E+01 , 2.0000000E+01 , 0.0000000E+00 , P
       541 , -1.000675588E+17 , +0.000000000E+00 , +0.000000000E+00 , 3.1622777E+05 , 5.0000000E+01 , 2.0000000E+01 , 0.0000000E+00 , P
       542 , -1.000625305E+17 , +0.000000000E+00 , +0.000000000E+00 , 3.1622777E+05 , 5.0000000E+01 , 2.0000000E+01 , 0.0000000E+00 , P
       543 , -1.000122478E+17 , +0.000000000E+00 , +0.000000000E+00 , 3.1622777E+05 , 5.0000000E+01 , 2.0000000E+01 , 0.0000000E+00 , P
       544 , -9.996196515E+16 , +0.000000000E+00 , +0.000000000E+00 , 3.1622777E+05 , 5.0000000E+01 , 2.0000000E+01 , 0.0000000E+00 , P
       545 , -9.991168247E+16 , +0.000000000E+00 , +0.000000000E+00 , 3.1622777E+05 , 5.0000000E+01 , 2.0000000E+01 , 0.0000000E+00 , P
       546 , -9.986139979E+16 , +0.000000000E+00 , +0.000000000E+00 , 3.1622777E+05 , 5.0000000E+01 , 2.0000000E+01 , 0.0000000E+00 , P
       547 , -9.981111712E+16 , +0.000000000E+00 , +0.000000000E+00 , 3.1622777E+05 , 5.0000000E+01 , 2.0000000E+01 , 0.0000000E+00 , P
       548 , -9.976083444E+16 , +0.000000000E+00 , +0.000000000E+00 , 3.1622777E+05 , 5.0000000E+01 , 2.0000000E+01 , 0.0000000E+00 , P
       549 , -9.971055176E+16 , +0.000000000E+00 , +0.000000000E+00 , 3.1622777E+05 , 5.0000000E+01 , 2.0000000E+01 , 0.0000000E+00 , P
       550 , -9.966026908E+16 , +0.000000000E+00 , +0.000000000E+00 , 3.1622777E+05 , 5.0000000E+01 , 2.0000000E+01 , 0.0000000E+00 , P
       551 , -9.960998640E+16 , +0.000000000E+00 , +0.000000000E+00 , 3.1622777E+05 , 5.0000000E+01 , 2.0000000E+01 , 0.0000000E+00 , P
       552 , -9.955970372E+16 , +0.000000000E+00 , +0.000000000E+00 , 3.1622777E+05 , 5.0000000E+01 , 2.0000000E+01 , 0.0000000E+00 , P
       553 , -9.950942104E+16 , +0.000000000E+00 , +0.000000000E+00 , 3.1622777E+05 , 5.0000000E+01 , 2.0000000E+01 , 0.0000000E+00 , P
       554 , -9.945913837E+16 , +0.000000000E+00 , +0.000000000E+00 , 3.1622777E+05 , 5.0000000E+01 , 2.0000000E+01 , 0.0000000E+00 , P
       555 , -9.940885569E+16 , +0.000000000E+00 , +0.000000000E+00 , 3.1622777E+05 , 5.0000000E+01 , 2.0000000E+01 , 0.0000000E+00 , P
       556 , -9.935857301E+16 , +0.000000000E+00 , +0.000000000E+00 , 3.1622777E+05 , 5.0000000E+01 , 2.0000000E+01 , 0.0000000E+00 , P
       557 , -9.930829033E+16 , +0.000000000E+00 , +0.000000000E+00 , 3.1622777E+05 , 5.0000000E+01 , 2.0000000E+01 , 0.0000000E+00 , P
       558 , -9.925800765E+16 , +0.000000000E+00 , +0.000000000E+00 , 3.1622777E+05 , 5.0000000E+01 , 2.0000000E+01 , 0.0000000E+00 , P
       559 , -9.920772497E+16 , +0.000000000E+00 , +0.000000000E+00 , 3.1622777E+05 , 5.0000000E+01 , 2.0000000E+01 , 0.0000000E+00 , P
       560 , -9.915744229E+16 , +0.000000000E+00 , +0.000000000E+00 , 3.1622777E+05 , 5.0000000E+01 , 2.0000000E+01 , 0.0000000E+00 , P
       561 , -9.910715962E+16 , +0.000000000E+00 , +0.000000000E+00 , 3.1622777E+05 , 5.0000000E+01 , 2.0000000E+01 , 0.0000000E+00 , P
       562 , -9.905687694E+16 , +0.000000000E+00 , +0.000000000E+00 , 3.1622777E+05 , 5.0000000E+01 , 2.0000000E+01 , 0.0000000E+00 , P
       563 , -9.900659426E+16 , +0.000000000E+00 , +0.000000000E+00 , 3.1622777E+05 , 5.0000000E+01 , 2.0000000E+01 , 0.0000000E+00 , P
       564 , -9.895631158E+16 , +0.000000000E+00 , +0.000000000E+00 , 3.1622777E+05 , 5.0000000E+01 , 2.0000000E+01 , 0.0000000E+00 , P
       565 , -9.890602890E+16 , +0.000000000E+00 , +0.000000000E+00 , 3.1622777E+05 , 5.0000000E+01 , 2.0000000E+01 , 0.0000000E+00 , P
       566 , -9.885574622E+16 , +0.000000000E+00 , +0.000000000E+00 , 3.1622777E+05 , 5.0000000E+01 , 2.0000000E+01 , 0.0000000E+00 , P
       567 , -9.880546354E+16 , +0.000000000E+00 , +0.000000000E+00 , 3.1622777E+05 , 5.0000000E+01 , 2.0000000E+01 , 0.0000000E+00 , P
       568 , -9.875518086E+16 , +0.000000000E+00 , +0.000000000E+00 , 3.1622777E+05 , 5.0000000E+01 , 2.0000000E+01 , 0.0000000E+00 , P
       569 , -9.870489819E+16 , +0.000000000E+00 , +0.000000000E+00 , 3.1622777E+05 , 5.0000000E+01 , 2.0000000E+01 , 0.0000000E+00 , P
       570 , -9.865461551E+16 , +0.000000000E+00 , +0.000000000E+00 , 3.1622777E+05 , 5.0000000E+01 , 2.0000000E+01 , 0.0000000E+00 , P
       571 , -9.860433283E+16 , +0.000000000E+00 , +0.000000000E+00 , 3.1622777E+05 , 5.0000000E+01 , 2.0000000E+01 , 0.0000000E+00 , P
       572 , -9.855405015E+16 , +0.000000000E+00 , +0.000000000E+00 , 3.1622777E+05 , 5.0000000E+01 , 2.0000000E+01 , 0.0000000E+00 , P
       573 , -9.850376747E+16 , +0.000000000E+00 , +0.000000000E+00 , 3.1622777E+05 , 5.0000000E+01 , 2.0000000E+01 , 0.0000000E+00 , P
       574 , -9.845348479E+16 , +0.000000000E+00 , +0.000000000E+00 , 3.1622777E+05 , 5.0000000E+01 , 2.0000000E+01 , 0.0000000E+00 , P
       575 , -9.840320211E+16 , +0.000000000E+00 , +0.000000000E+00 , 3.1622777E+05 , 5.0000000E+01 , 2.0000000E+01 , 0.0000000E+00 , P
       576 , -9.835291944E+16 , +0.000000000E+00 , +0.000000000E+00 , 3.1622777E+05 , 5.0000000E+01 , 2.0000000E+01 , 0.0000000E+00 , P
       577 , -9.830263676E+16 , +0.000000000E+00 , +0.000000000E+00 , 3.1622777E+05 , 5.0000000E+01 , 2.0000000E+01 , 0.0000000E+00 , P
       578 , -9.825235408E+16 , +0.000000000E+00 , +0.000000000E+00 , 3.1622777E+05 , 5.0000000E+01 , 2.0000000E+01 , 0.0000000E+00 , P
       579 , -9.820207140E+16 , +0.000000000E+00 , +0.000000000E+00 , 3.1622777E+05 , 5.0000000E+01 , 2.0000000E+01 , 0.0000000E+00 , P
       580 , -9.815178872E+16 , +0.000000000E+00 , +0.000000000E+00 , 3.1622777E+05 , 5.0000000E+01 , 2.0000000E+01 , 0.0000000E+00 , P
       581 , -9.810150604E+16 , +0.000000000E+00 , +0.000000000E+00 , 3.1622777E+05 , 5.0000000E+01 , 2.0000000E+01 , 0.0000000E+00 , P
       582 , -9.805122336E+16 , +0.000000000E+00 , +0.000000000E+00 , 3.1622777E+05 , 5.0000000E+01 , 2.0000000E+01 , 0.0000000E+00 , P
       583 , -9.800094068E+16 , +0.000000000E+00 , +0.000000000E+00 , 3.1622777E+05 , 5.0000000E+01 , 2.0000000E+01 , 0.0000000E+00 , P
       584 , -9.795065801E+16 , +0.000000000E+00 , +0.000000000E+00 , 3.1622777E+05 , 5.0000000E+01 , 2.0000000E+01 , 0.0000000E+00 , P
       585 , -9.790037533E+16 , +0.000000000E+00 , +0.000000000E+00 , 3.1622777E+05 , 5.0000000E+01 , 2.0000000E+01 , 0.0000000E+00 , P
       586 , -9.785009265E+16 , +0.000000000E+00 , +0.000000000E+00 , 3.1622777E+05 , 5.0000000E+01 , 2.0000000E+01 , 0.0000000E+00 , P
       587 , -9.779980997E+16 , +0.000000000E+00 , +0.000000000E+00 , 3.1622777E+05 , 5.0000000E+01 , 2.0000000E+01 , 0.0000000E+00 , P
       588 , -9.774952729E+16 , +0.000000000E+00 , +0.000000000E+00 , 3.1622777E+05 , 5.0000000E+01 , 2.0000000E+01 , 0.0000000E+00 , P
       589 , -9.769924461E+16 , +0.000000000E+00 , +0.000000000E+00 , 3.1622777E+05 , 5.0000000E+01 , 2.0000000E+01 , 0.0000000E+00 , P
       590 , -9.764896193E+16 , +0.000000000E+00 , +0.000000000E+00 , 3.1622777E+05 , 5.0000000E+01 , 2.0000000E+01 , 0.0000000E+00 , P
       591 , -9.759867926E+16 , +0.000000000E+00 , +0.000000000E+00 , 3.1622777E+05 , 5.0000000E+01 , 2.0000000E+01 , 0.0000000E+00 , P
       592 , -9.754839658E+16 , +0.000000000E+00 , +0.000000000E+00 , 3.1622777E+05 , 5.0000000E+01 , 2.0000000E+01 , 0.0000000E+00 , P
       593 , -9.749811390E+16 , +0.000000000E+00 , +0.000000000E+00 , 3.1622777E+05 , 5.0000000E+01 , 2.0000000E+01 , 0.0000000E+00 , P
       594 , -9.744783122E+16 , +0.000000000E+00 , +0.000000000E+00 , 3.1622777E+05 , 5.0000000E+01 , 2.0000000E+01 , 0.0000000E+00 , P
       595 , -9.739754854E+16 , +0.000000000E+00 , +0.000000000E+00 , 3.1622777E+05 , 5.0000000E+01 , 2.0000000E+01 , 0.0000000E+00 , P
       596 , -9.734726586E+16 , +0.000000000E+00 , +0.000000000E+00 , 3.1622777E+05 , 5.0000000E+01 , 2.0000000E+01 , 0.0000000E+00 , P
       597 , -9.729698318E+16 , +0.000000000E+00 , +0.000000000E+00 , 3.1622777E+05 , 5.0000000E+01 , 2.0000000E+01 , 0.0000000E+00 , P
       598 , -9.724670051E+16 , +0.000000000E+00 , +0.000000000E+00 , 3.1622777E+05 , 5.0000000E+01 , 2.0000000E+01 , 0.0000000E+00 , P
       599 , -9.719641783E+16 , +0.000000000E+00 , +0.000000000E+00 , 3.1622777E+05 , 5.0000000E+01 , 2.0000000E+01 , 0.0000000E+00 , P
       600 , -9.714613515E+16 , +0.000000000E+00 , +0.000000000E+00 , 3.1622777E+05 , 5.0000000E+01 , 2.0000000E+01 , 0.0000000E+00 , P
       601 , -9.709585247E+16 , +0.000000000E+00 , +0.000000000E+00 , 3.1622777E+05 , 5.0000000E+01 , 2.0000000E+01 , 0.0000000E+00 , P
       602 , -9.704556979E+16 , +0.000000000E+00 , +0.000000000E+00 , 3.1622777E+05 , 5.0000000E+01 , 2.0000000E+01 , 0.0000000E+00 , P
       603 , -9.699528711E+16 , +0.000000000E+00 , +0.000000000E+00 , 3.1622777E+05 , 5.0000000E+01 , 2.0000000E+01 , 0.0000000E+00 , P
       604 , -9.694500443E+16 , +0.000000000E+00 , +0.000000000E+00 , 3.1622777E+05 , 5.0000000E+01 , 2.0000000E+01 , 0.0000000E+00 , P
       605 , -9.689472175E+16 , +0.000000000E+00 , +0.000000000E+00 , 3.1622777E+05 , 5.0000000E+01 , 2.0000000E+01 , 0.0000000E+00 , P
       606 , -9.684443908E+16 , +0.000000000E+00 , +0.000000000E+00 , 3.1622777E+05 , 5.0000000E+01 , 2.0000000E+01 , 0.0000000E+00 , P
       607 , -9.679415640E+16 , +0.000000000E+00 , +0.000000000E+00 , 3.1622777E+05 , 5.0000000E+01 , 2.0000000E+01 , 0.0000000E+00 , P
       608 , -9.674387372E+16 , +0.000000000E+00 , +0.000000000E+00 , 3.1622777E+05 , 5.0000000E+01 , 2.0000000E+01 , 0.0000000E+00 , P
       609 , -9.669359104E+16 , +0.000000000E+00 , +0.000000000E+00 , 3.1622777E+05 , 5.0000000E+01 , 2.0000000E+01 , 0.0000000E+00 , P
       610 , -9.664330836E+16 , +0.000000000E+00 , +0.000000000E+00 , 3.1622777E+05 , 5.0000000E+01 , 2.0000000E+01 , 0.0000000E+00 , P
       611 , -9.659302568E+16 , +0.000000000E+00 , +0.000000000E+00 , 3.1622777E+05 , 5.0000000E+01 , 2.0000000E+01 , 0.0000000E+00 , P
       612 , -9.654274300E+16 , +0.000000000E+00 , +0.000000000E+00 , 3.1622777E+05 , 5.0000000E+01 , 2.0000000E+01 , 0.0000000E+00 , P
       613 , -9.649246033E+16 , +0.000000000E+00 , +0.000000000E+00 , 3.1622777E+05 , 5.0000000E+01 , 2.0000000E+01 , 0.0000000E+00 , P
       614 , -9.644217765E+16 , +0.000000000E+00 , +0.000000000E+00 , 3.1622777E+05 , 5.0000000E+01 , 2.0000000E+01 , 0.0000000E+00 , P
       615 , -9.639189497E+16 , +0.000000000E+00 , +0.000000000E+00 , 3.1622777E+05 , 5.0000000E+01 , 2.0000000E+01 , 0.0000000E+00 , P
       616 , -9.634161229E+16 , +0.000000000E+00 , +0.000000000E+00 , 3.1622777E+05 , 5.0000000E+01 , 2.0000000E+01 , 0.0000000E+00 , P
       617 , -9.629132961E+16 , +0.000000000E+00 , +0.000000000E+00 , 3.1622777E+05 , 5.0000000E+01 , 2.0000000E+01 , 0.0000000E+00 , P
       618 , -9.624104693E+16 , +0.000000000E+00 , +0.000000000E+00 , 3.1622777E+05 , 5.0000000E+01 , 2.0000000E+01 , 0.0000000E+00 , P
       619 , -9.619076425E+16 , +0.000000000E+00 , +0.000000000E+00 , 3.1622777E+05 , 5.0000000E+01 , 2.0000000E+01 , 0.0000000E+00 , P
       620 , -9.614048157E+16 , +0.000000000E+00 , +0.000000000E+00 , 3.1622777E+05 , 5.0000000E+01 , 2.0000000E+01 , 0.0000000E+00 , P
       621 , -9.609019890E+16 , +0.000000000E+00 , +0.000000000E+00 , 3.1622777E+05 , 5.0000000E+01 , 2.0000000E+01 , 0.0000000E+00 , P
       622 , -9.603991622E+16 , +0.000000000E+00 , +0.000000000E+00 , 3.1622777E+05 , 5.0000000E+01 , 2.0000000E+01 , 0.0000000E+00 , P
       623 , -9.598963354E+16 , +0.000000000E+00 , +0.000000000E+00 , 3.1622777E+05 , 5.0000000E+01 , 2.0000000E+01 , 0.0000000E+00 , P
       624 , -9.593935086E+16 , +0.000000000E+00 , +0.000000000E+00 , 3.1622777E+05 , 5.0000000E+01 , 2.0000000E+01 , 0.0000000E+00 , P
       625 , -9.588906818E+16 , +0.000000000E+00 , +0.000000000E+00 , 3.1622777E+05 , 5.0000000E+01 , 2.0000000E+01 , 0.0000000E+00 , P
       626 , -9.583878550E+16 , +0.000000000E+00 , +0.000000000E+00 , 3.1622777E+05 , 5.0000000E+01 , 2.0000000E+01 , 0.0000000E+00 , P
       627 , -9.578850282E+16 , +0.000000000E+00 , +0.000000000E+00 , 3.1622777E+05 , 5.0000000E+01 , 2.0000000E+01 , 0.0000000E+00 , P
       628 , -9.573822015E+16 , +0.000000000E+00 , +0.000000000E+00 , 3.1622777E+05 , 5.0000000E+01 , 2.0000000E+01 , 0.0000000E+00 , P
       629 , -9.568793747E+16 , +0.000000000E+00 , +0.000000000E+00 , 3.1622777E+05 , 5.0000000E+01 , 2.0000000E+01 , 0.0000000E+00 , P
       630 , -9.563765479E+16 , +0.000000000E+00 , +0.000000000E+00 , 3.1622777E+05 , 5.0000000E+01 , 2.0000000E+01 , 0.0000000E+00 , P
       631 , -9.558737211E+16 , +0.000000000E+00 , +0.000000000E+00 , 3.1622777E+05 , 5.0000000E+01 , 2.0000000E+01 , 0.0000000E+00 , P
       632 , -9.553708943E+16 , +0.000000000E+00 , +0.000000000E+00 , 3.1622777E+05 , 5.0000000E+01 , 2.0000000E+01 , 0.0000000E+00 , P
       633 , -9.503426264E+16 , +0.000000000E+00 , +0.000000000E+00 , 3.1622777E+05 , 5.0000000E+01 , 2.0000000E+01 , 0.0000000E+00 , P
       634 , -9.453143586E+16 , +0.000000000E+00 , +0.000000000E+00 , 3.1622777E+05 , 5.0000000E+01 , 2.0000000E+01 , 0.0000000E+00 , P
       635 , -9.402860907E+16 , +0.000000000E+00 , +0.000000000E+00 , 3.1622777E+05 , 5.0000000E+01 , 2.0000000E+01 , 0.0000000E+00 , P
       636 , -9.352578229E+16 , +0.000000000E+00 , +0.000000000E+00 , 3.1622777E+05 , 5.0000000E+01 , 2.0000000E+01 , 0.0000000E+00 , P
       637 , -9.302295550E+16 , +0.000000000E+00 , +0.000000000E+00 , 3.1622777E+05 , 5.0000000E+01 , 2.0000000E+01 , 0.0000000E+00 , P
       638 , -9.252012871E+16 , +0.000000000E+00 , +0.000000000E+00 , 3.1622777E+05 , 5.0000000E+01 , 2.0000000E+01 , 0.0000000E+00 , P
       639 , -9.201730193E+16 , +0.000000000E+00 , +0.000000000E+00 , 3.1622777E+05 , 5.0000000E+01 , 2.0000000E+01 , 0.0000000E+00 , P
       640 , -9.151447514E+16 , +0.000000000E+00 , +0.000000000E+00 , 3.1622777E+05 , 5.0000000E+01 , 2.0000000E+01 , 0.0000000E+00 , P
       641 , -9.101164835E+16 , +0.000000000E+00 , +0.000000000E+00 , 3.1622777E+05 , 5.0000000E+01 , 2.0000000E+01 , 0.0000000E+00 , P
       642 , -9.050882157E+16 , +0.000000000E+00 , +0.000000000E+00 , 3.1622777E+05 , 5.0000000E+01 , 2.0000000E+01 , 0.0000000E+00 , P
       643 , -9.000599478E+16 , +0.000000000E+00 , +0.000000000E+00 , 3.1622777E+05 , 5.0000000E+01 , 2.0000000E+01 , 0.0000000E+00 , P
       644 , -8.950316799E+16 , +0.000000000E+00 , +0.000000000E+00 , 3.1622777E+05 , 5.0000000E+01 , 2.0000000E+01 , 0.0000000E+00 , P
       645 , -8.900034121E+16 , +0.000000000E+00 , +0.000000000E+00 , 3.1622777E+05 , 5.0000000E+01 , 2.0000000E+01 , 0.0000000E+00 , P
       646 , -8.849751442E+16 , +0.000000000E+00 , +0.000000000E+00 , 3.1622777E+05 , 5.0000000E+01 , 2.0000000E+01 , 0.0000000E+00 , P
       647 , -8.799468763E+16 , +0.000000000E+00 , +0.000000000E+00 , 3.1622777E+05 , 5.0000000E+01 , 2.0000000E+01 , 0.0000000E+00 , P
       648 , -8.749186085E+16 , +0.000000000E+00 , +0.000000000E+00 , 3.1622777E+05 , 5.0000000E+01 , 2.0000000E+01 , 0.0000000E+00 , P
       649 , -8.698903406E+16 , +0.000000000E+00 , +0.000000000E+00 , 3.1622777E+05 , 5.0000000E+01 , 2.0000000E+01 , 0.0000000E+00 , P
       650 , -8.648620727E+16 , +0.000000000E+00 , +0.000000000E+00 , 3.1622777E+05 , 5.0000000E+01 , 2.0000000E+01 , 0.0000000E+00 , P
       651 , -8.598338049E+16 , +0.000000000E+00 , +0.000000000E+00 , 3.1622777E+05 , 5.0000000E+01 , 2.0000000E+01 , 0.0000000E+00 , P
       652 , -8.548055370E+16 , +0.000000000E+00 , +0.000000000E+00 , 3.1622777E+05 , 5.0000000E+01 , 2.0000000E+01 , 0.0000000E+00 , P
       653 , -8.497772692E+16 , +0.000000000E+00 , +0.000000000E+00 , 3.1622777E+05 , 5.0000000E+01 , 2.0000000E+01 , 0.0000000E+00 , P
       654 , -8.447490013E+16 , +0.000000000E+00 , +0.000000000E+00 , 3.1622777E+05 , 5.0000000E+01 , 2.0000000E+01 , 0.0000000E+00 , P
       655 , -8.397207334E+16 , +0.000000000E+00 , +0.000000000E+00 , 3.1622777E+05 , 5.0000000E+01 , 2.0000000E+01 , 0.0000000E+00 , P
       656 , -8.346924656E+16 , +0.000000000E+00 , +0.000000000E+00 , 3.1622777E+05 , 5.0000000E+01 , 2.0000000E+01 , 0.0000000E+00 , P
       657 , -8.296641977E+16 , +0.000000000E+00 , +0.000000000E+00 , 3.1622777E+05 , 5.0000000E+01 , 2.0000000E+01 , 0.0000000E+00 , P
       658 , -8.246359298E+16 , +0.000000000E+00 , +0.000000000E+00 , 3.1622777E+05 , 5.0000000E+01 , 2.0000000E+01 , 0.0000000E+00 , P
       659 , -8.196076620E+16 , +0.000000000E+00 , +0.000000000E+00 , 3.1622777E+05 , 5.0000000E+01 , 2.0000000E+01 , 0.0000000E+00 , P
       660 , -8.145793941E+16 , +0.000000000E+00 , +0.000000000E+00 , 3.1622777E+05 , 5.0000000E+01 , 2.0000000E+01 , 0.0000000E+00 , P
       661 , -8.095511262E+16 , +0.000000000E+00 , +0.000000000E+00 , 3.1622777E+05 , 5.0000000E+01 , 2.0000000E+01 , 0.0000000E+00 , P
       662 , -8.045228584E+16 , +0.000000000E+00 , +0.000000000E+00 , 3.1622777E+05 , 5.0000000E+01 , 2.0000000E+01 , 0.0000000E+00 , P
       663 , -7.994945905E+16 , +0.000000000E+00 , +0.000000000E+00 , 3.1622777E+05 , 5.0000000E+01 , 2.0000000E+01 , 0.0000000E+00 , P
       664 , -7.944663226E+16 , +0.000000000E+00 , +0.000000000E+00 , 3.1622777E+05 , 5.0000000E+01 , 2.0000000E+01 , 0.0000000E+00 , P
       665 , -7.894380548E+16 , +0.000000000E+00 , +0.000000000E+00 , 3.1622777E+05 , 5.0000000E+01 , 2.0000000E+01 , 0.0000000E+00 , P
       666 , -7.844097869E+16 , +0.000000000E+00 , +0.000000000E+00 , 3.1622777E+05 , 5.0000000E+01 , 2.0000000E+01 , 0.0000000E+00 , P
       667 , -7.793815190E+16 , +0.000000000E+00 , +0.000000000E+00 , 3.1622777E+05 , 5.0000000E+01 , 2.0000000E+01 , 0.0000000E+00 , P
       668 , -7.743532512E+16 , +0.000000000E+00 , +0.000000000E+00 , 3.1622777E+05 , 5.0000000E+01 , 2.0000000E+01 , 0.0000000E+00 , P
       669 , -7.693249833E+16 , +0.000000000E+00 , +0.000000000E+00 , 3.1622777E+05 , 5.0000000E+01 , 2.0000000E+01 , 0.0000000E+00 , P
       670 , -7.642967154E+16 , +0.000000000E+00 , +0.000000000E+00 , 3.1622777E+05 , 5.0000000E+01 , 2.0000000E+01 , 0.0000000E+00 , P
       671 , -7.592684476E+16 , +0.000000000E+00 , +0.000000000E+00 , 3.1622777E+05 , 5.0000000E+01 , 2.0000000E+01 , 0.0000000E+00 , P
       672 , -7.542401797E+16 , +0.000000000E+00 , +0.000000000E+00 , 3.1622777E+05 , 5.0000000E+01 , 2.0000000E+01 , 0.0000000E+00 , P
       673 , -7.492119119E+16 , +0.000000000E+00 , +0.000000000E+00 , 3.1622777E+05 , 5.0000000E+01 , 2.0000000E+01 , 0.0000000E+00 , P
       674 , -7.441836440E+16 , +0.000000000E+00 , +0.000000000E+00 , 3.1622777E+05 , 5.0000000E+01 , 2.0000000E+01 , 0.0000000E+00 , P
       675 , -7.391553761E+16 , +0.000000000E+00 , +0.000000000E+00 , 3.1622777E+05 , 5.0000000E+01 , 2.0000000E+01 , 0.0000000E+00 , P
       676 , -7.341271083E+16 , +0.000000000E+00 , +0.000000000E+00 , 3.1622777E+05 , 5.0000000E+01 , 2.0000000E+01 , 0.0000000E+00 , P
       677 , -7.290988404E+16 , +0.000000000E+00 , +0.000000000E+00 , 3.1622777E+05 , 5.0000000E+01 , 2.0000000E+01 , 0.0000000E+00 , P
       678 , -7.240705725E+16 , +0.000000000E+00 , +0.000000000E+00 , 3.1622777E+05 , 5.0000000E+01 , 2.0000000E+01 , 0.0000000E+00 , P
       679 , -7.190423047E+16 , +0.000000000E+00 , +0.000000000E+00 , 3.1622777E+05 , 5.0000000E+01 , 2.0000000E+01 , 0.0000000E+00 , P
       680 , -7.140140368E+16 , +0.000000000E+00 , +0.000000000E+00 , 3.1622777E+05 , 5.0000000E+01 , 2.0000000E+01 , 0.0000000E+00 , P
       681 , -7.089857689E+16 , +0.000000000E+00 , +0.000000000E+00 , 3.1622777E+05 , 5.0000000E+01 , 2.0000000E+01 , 0.0000000E+00 , P
       682 , -7.039575011E+16 , +0.000000000E+00 , +0.000000000E+00 , 3.1622777E+05 , 5.0000000E+01 , 2.0000000E+01 , 0.0000000E+00 , P
       683 , -6.989292332E+16 , +0.000000000E+00 , +0.000000000E+00 , 3.1622777E+05 , 5.0000000E+01 , 2.0000000E+01 , 0.0000000E+00 , P
       684 , -6.939009653E+16 , +0.000000000E+00 , +0.000000000E+00 , 3.1622777E+05 , 5.0000000E+01 , 2.0000000E+01 , 0.0000000E+00 , P
       685 , -6.888726975E+16 , +0.000000000E+00 , +0.000000000E+00 , 3.1622777E+05 , 5.0000000E+01 , 2.0000000E+01 , 0.0000000E+00 , P
       686 , -6.838444296E+16 , +0.000000000E+00 , +0.000000000E+00 , 3.1622777E+05 , 5.0000000E+01 , 2.0000000E+01 , 0.0000000E+00 , P
       687 , -6.788161617E+16 , +0.000000000E+00 , +0.000000000E+00 , 3.1622777E+05 , 5.0000000E+01 , 2.0000000E+01 , 0.0000000E+00 , P
       688 , -6.737878939E+16 , +0.000000000E+00 , +0.000000000E+00 , 3.1622777E+05 , 5.0000000E+01 , 2.0000000E+01 , 0.0000000E+00 , P
       689 , -6.687596260E+16 , +0.000000000E+00 , +0.000000000E+00 , 3.1622777E+05 , 5.0000000E+01 , 2.0000000E+01 , 0.0000000E+00 , P
       690 , -6.637313582E+16 , +0.000000000E+00 , +0.000000000E+00 , 3.1622777E+05 , 5.0000000E+01 , 2.0000000E+01 , 0.0000000E+00 , P
       691 , -6.587030903E+16 , +0.000000000E+00 , +0.000000000E+00 , 3.1622777E+05 , 5.0000000E+01 , 2.0000000E+01 , 0.0000000E+00 , P
       692 , -6.536748224E+16 , +0.000000000E+00 , +0.000000000E+00 , 3.1622777E+05 , 5.0000000E+01 , 2.0000000E+01 , 0.0000000E+00 , P
       693 , -6.486465546E+16 , +0.000000000E+00 , +0.000000000E+00 , 3.1622777E+05 , 5.0000000E+01 , 2.0000000E+01 , 0.0000000E+00 , P
       694 , -6.436182867E+16 , +0.000000000E+00 , +0.000000000E+00 , 3.1622777E+05 , 5.0000000E+01 , 2.0000000E+01 , 0.0000000E+00 , P
       695 , -6.385900188E+16 , +0.000000000E+00 , +0.000000000E+00 , 3.1622777E+05 , 5.0000000E+01 , 2.0000000E+01 , 0.0000000E+00 , P
       696 , -6.335617510E+16 , +0.000000000E+00 , +0.000000000E+00 , 3.1622777E+05 , 5.0000000E+01 , 2.0000000E+01 , 0.0000000E+00 , P
       697 , -6.285334831E+16 , +0.000000000E+00 , +0.000000000E+00 , 3.1622777E+05 , 5.0000000E+01 , 2.0000000E+01 , 0.0000000E+00 , P
       698 , -6.235052152E+16 , +0.000000000E+00 , +0.000000000E+00 , 3.1622777E+05 , 5.0000000E+01 , 2.0000000E+01 , 0.0000000E+00 , P
       699 , -6.184769474E+16 , +0.000000000E+00 , +0.000000000E+00 , 3.1622777E+05 , 5.0000000E+01 , 2.0000000E+01 , 0.0000000E+00 , P
       700 , -6.134486795E+16 , +0.000000000E+00 , +0.000000000E+00 , 3.1622777E+05 , 5.0000000E+01 , 2.0000000E+01 , 0.0000000E+00 , P
       701 , -6.084204116E+16 , +0.000000000E+00 , +0.000000000E+00 , 3.1622777E+05 , 5.0000000E+01 , 2.0000000E+01 , 0.0000000E+00 , P
       702 , -6.033921438E+16 , +0.000000000E+00 , +0.000000000E+00 , 3.1622777E+05 , 5.0000000E+01 , 2.0000000E+01 , 0.0000000E+00 , P
       703 , -5.983638759E+16 , +0.000000000E+00 , +0.000000000E+00 , 3.1622777E+05 , 5.0000000E+01 , 2.0000000E+01 , 0.0000000E+00 , P
       704 , -5.933356080E+16 , +0.000000000E+00 , +0.000000000E+00 , 3.1622777E+05 , 5.0000000E+01 , 2.0000000E+01 , 0.0000000E+00 , P
       705 , -5.883073402E+16 , +0.000000000E+00 , +0.000000000E+00 , 3.1622777E+05 , 5.0000000E+01 , 2.0000000E+01 , 0.0000000E+00 , P
       706 , -5.832790723E+16 , +0.000000000E+00 , +0.000000000E+00 , 3.1622777E+05 , 5.0000000E+01 , 2.0000000E+01 , 0.0000000E+00 , P
       707 , -5.782508045E+16 , +0.000000000E+00 , +0.000000000E+00 , 3.1622777E+05 , 5.0000000E+01 , 2.0000000E+01 , 0.0000000E+00 , P
       708 , -5.732225366E+16 , +0.000000000E+00 , +0.000000000E+00 , 3.1622777E+05 , 5.0000000E+01 , 2.0000000E+01 , 0.0000000E+00 , P
       709 , -5.681942687E+16 , +0.000000000E+00 , +0.000000000E+00 , 3.1622777E+05 , 5.0000000E+01 , 2.0000000E+01 , 0.0000000E+00 , P
       710 , -5.631660009E+16 , +0.000000000E+00 , +0.000000000E+00 , 3.1622777E+05 , 5.0000000E+01 , 2.0000000E+01 , 0.0000000E+00 , P
       711 , -5.581377330E+16 , +0.000000000E+00 , +0.000000000E+00 , 3.1622777E+05 , 5.0000000E+01 , 2.0000000E+01 , 0.0000000E+00 , P
       712 , -5.531094651E+16 , +0.000000000E+00 , +0.000000000E+00 , 3.1622777E+05 , 5.0000000E+01 , 2.0000000E+01 , 0.0000000E+00 , P
       713 , -5.480811973E+16 , +0.000000000E+00 , +0.000000000E+00 , 3.1622777E+05 , 5.0000000E+01 , 2.0000000E+01 , 0.0000000E+00 , P
       714 , -5.430529294E+16 , +0.000000000E+00 , +0.000000000E+00 , 3.1622777E+05 , 5.0000000E+01 , 2.0000000E+01 , 0.0000000E+00 , P
       715 , -5.380246615E+16 , +0.000000000E+00 , +0.000000000E+00 , 3.1622777E+05 , 5.0000000E+01 , 2.0000000E+01 , 0.0000000E+00 , P
       716 , -5.329963937E+16 , +0.000000000E+00 , +0.000000000E+00 , 3.1622777E+05 , 5.0000000E+01 , 2.0000000E+01 , 0.0000000E+00 , P
       717 , -5.279681258E+16 , +0.000000000E+00 , +0.000000000E+00 , 3.1622777E+05 , 5.0000000E+01 , 2.0000000E+01 , 0.0000000E+00 , P
       718 , -5.229398579E+16 , +0.000000000E+00 , +0.000000000E+00 , 3.1622777E+05 , 5.0000000E+01 , 2.0000000E+01 , 0.0000000E+00 , P
       719 , -5.179115901E+16 , +0.000000000E+00 , +0.000000000E+00 , 3.1622777E+05 , 5.0000000E+01 , 2.0000000E+01 , 0.0000000E+00 , P
       720 , -5.128833222E+16 , +0.000000000E+00 , +0.000000000E+00 , 3.1622777E+05 , 5.0000000E+01 , 2.0000000E+01 , 0.0000000E+00 , P
       721 , -5.078550543E+16 , +0.000000000E+00 , +0.000000000E+00 , 3.1622777E+05 , 5.0000000E+01 , 2.0000000E+01 , 0.0000000E+00 , P
       722 , -5.028267865E+16 , +0.000000000E+00 , +0.000000000E+00 , 3.1622777E+05 , 5.0000000E+01 , 2.0000000E+01 , 0.0000000E+00 , P
       723 , -4.525441078E+16 , +0.000000000E+00 , +0.000000000E+00 , 3.1622777E+05 , 5.0000000E+01 , 2.0000000E+01 , 0.0000000E+00 , P
       724 , -4.022614292E+16 , +0.000000000E+00 , +0.000000000E+00 , 3.1622777E+05 , 5.0000000E+01 , 2.0000000E+01 , 0.0000000E+00 , P
       725 , -3.519787505E+16 , +0.000000000E+00 , +0.000000000E+00 , 3.1622777E+05 , 5.0000000E+01 , 2.0000000E+01 , 0.0000000E+00 , P
       726 , -3.016960719E+16 , +0.000000000E+00 , +0.000000000E+00 , 3.1622777E+05 , 5.0000000E+01 , 2.0000000E+01 , 0.0000000E+00 , P
       727 , -2.514133932E+16 , +0.000000000E+00 , +0.000000000E+00 , 3.1622777E+05 , 5.0000000E+01 , 2.0000000E+01 , 0.0000000E+00 , P
       728 , -2.011307146E+16 , +0.000000000E+00 , +0.000000000E+00 , 3.1622777E+05 , 5.0000000E+01 , 2.0000000E+01 , 0.0000000E+00 , P
       729 , -1.508480359E+16 , +0.000000000E+00 , +0.000000000E+00 , 3.1622777E+05 , 5.0000000E+01 , 2.0000000E+01 , 0.0000000E+00 , P
       730 , -1.005653573E+16 , +0.000000000E+00 , +0.000000000E+00 , 3.1622777E+05 , 5.0000000E+01 , 2.0000000E+01 , 0.0000000E+00 , P
       731 , -5.028267865E+15 , +0.000000000E+00 , +0.000000000E+00 , 3.1622777E+05 , 5.0000000E+01 , 2.0000000E+01 , 0.0000000E+00 , P
       732 , +0.000000000E+00 , +0.000000000E+00 , +0.000000000E+00 , 3.1622777E+05 , 5.0000000E+01 , 2.0000000E+01 , 0.0000000E+00 , P
