Particle # ,      x (cm)      ,      y (cm)      ,      z (cm)      ,  n_H (c^m-3)  ,   T_gas (K)   ,  T_dust (K)   , chi (Draine)  , Type (I|P|D)
         1 , -3.180155828E+19 , +0.000000000E+00 , +0.000000000E+00 , 1.0000000E+03 , 5.0000000E+01 , 2.0000000E+01 , 0.0000000E+00 , P
         2 , -3.180155812E+19 , +0.000000000E+00 , +0.000000000E+00 , 1.0000000E+03 , 5.0000000E+01 , 2.0000000E+01 , 0.0000000E+00 , P
         3 , -3.180155810E+19 , +0.000000000E+00 , +0.000000000E+00 , 1.0000000E+03 , 5.0000000E+01 , 2.0000000E+01 , 0.0000000E+00 , P
         4 , -3.180155809E+19 , +0.000000000E+00 , +0.000000000E+00 , 1.0000000E+03 , 5.0000000E+01 , 2.0000000E+01 , 0.0000000E+00 , P
         5 , -3.180155807E+19 , +0.000000000E+00 , +0.000000000E+00 , 1.0000000E+03 , 5.0000000E+01 , 2.0000000E+01 , 0.0000000E+00 , P
         6 , -3.180155805E+19 , +0.000000000E+00 , +0.000000000E+00 , 1.0000000E+03 , 5.0000000E+01 , 2.0000000E+01 , 0.0000000E+00 , P
         7 , -3.180155804E+19 , +0.000000000E+00 , +0.000000000E+00 , 1.0000000E+03 , 5.0000000E+01 , 2.0000000E+01 , 0.0000000E+00 , P
         8 , -3.180155802E+19 , +0.000000000E+00 , +0.000000000E+00 , 1.0000000E+03 , 5.0000000E+01 , 2.0000000E+01 , 0.0000000E+00 , P
         9 , -3.180155801E+19 , +0.000000000E+00 , +0.000000000E+00 , 1.0000000E+03 , 5.0000000E+01 , 2.0000000E+01 , 0.0000000E+00 , P
        10 , -3.180155799E+19 , +0.000000000E+00 , +0.000000000E+00 , 1.0000000E+03 , 5.0000000E+01 , 2.0000000E+01 , 0.0000000E+00 , P
        11 , -3.180155797E+19 , +0.000000000E+00 , +0.000000000E+00 , 1.0000000E+03 , 5.0000000E+01 , 2.0000000E+01 , 0.0000000E+00 , P
        12 , -3.180155796E+19 , +0.000000000E+00 , +0.000000000E+00 , 1.0000000E+03 , 5.0000000E+01 , 2.0000000E+01 , 0.0000000E+00 , P
        13 , -3.180155794E+19 , +0.000000000E+00 , +0.000000000E+00 , 1.0000000E+03 , 5.0000000E+01 , 2.0000000E+01 , 0.0000000E+00 , P
        14 , -3.180155793E+19 , +0.000000000E+00 , +0.000000000E+00 , 1.0000000E+03 , 5.0000000E+01 , 2.0000000E+01 , 0.0000000E+00 , P
        15 , -3.180155791E+19 , +0.000000000E+00 , +0.000000000E+00 , 1.0000000E+03 , 5.0000000E+01 , 2.0000000E+01 , 0.0000000E+00 , P
        16 , -3.180155789E+19 , +0.000000000E+00 , +0.000000000E+00 , 1.0000000E+03 , 5.0000000E+01 , 2.0000000E+01 , 0.0000000E+00 , P
        17 , -3.180155788E+19 , +0.000000000E+00 , +0.000000000E+00 , 1.0000000E+03 , 5.0000000E+01 , 2.0000000E+01 , 0.0000000E+00 , P
        18 , -3.180155786E+19 , +0.000000000E+00 , +0.000000000E+00 , 1.0000000E+03 , 5.0000000E+01 , 2.0000000E+01 , 0.0000000E+00 , P
        19 , -3.180155785E+19 , +0.000000000E+00 , +0.000000000E+00 , 1.0000000E+03 , 5.0000000E+01 , 2.0000000E+01 , 0.0000000E+00 , P
        20 , -3.180155783E+19 , +0.000000000E+00 , +0.000000000E+00 , 1.0000000E+03 , 5.0000000E+01 , 2.0000000E+01 , 0.0000000E+00 , P
        21 , -3.180155782E+19 , +0.000000000E+00 , +0.000000000E+00 , 1.0000000E+03 , 5.0000000E+01 , 2.0000000E+01 , 0.0000000E+00 , P
        22 , -3.180155780E+19 , +0.000000000E+00 , +0.000000000E+00 , 1.0000000E+03 , 5.0000000E+01 , 2.0000000E+01 , 0.0000000E+00 , P
        23 , -3.180155778E+19 , +0.000000000E+00 , +0.000000000E+00 , 1.0000000E+03 , 5.0000000E+01 , 2.0000000E+01 , 0.0000000E+00 , P
        24 , -3.180155777E+19 , +0.000000000E+00 , +0.000000000E+00 , 1.0000000E+03 , 5.0000000E+01 , 2.0000000E+01 , 0.0000000E+00 , P
        25 , -3.180155775E+19 , +0.000000000E+00 , +0.000000000E+00 , 1.0000000E+03 , 5.0000000E+01 , 2.0000000E+01 , 0.0000000E+00 , P
        26 , -3.180155774E+19 , +0.000000000E+00 , +0.000000000E+00 , 1.0000000E+03 , 5.0000000E+01 , 2.0000000E+01 , 0.0000000E+00 , P
        27 , -3.180155772E+19 , +0.000000000E+00 , +0.000000000E+00 , 1.0000000E+03 , 5.0000000E+01 , 2.0000000E+01 , 0.0000000E+00 , P
        28 , -3.180155770E+19 , +0.000000000E+00 , +0.000000000E+00 , 1.0000000E+03 , 5.0000000E+01 , 2.0000000E+01 , 0.0000000E+00 , P
        29 , -3.180155769E+19 , +0.000000000E+00 , +0.000000000E+00 , 1.0000000E+03 , 5.0000000E+01 , 2.0000000E+01 , 0.0000000E+00 , P
        30 , -3.180155767E+19 , +0.000000000E+00 , +0.000000000E+00 , 1.0000000E+03 , 5.0000000E+01 , 2.0000000E+01 , 0.0000000E+00 , P
        31 , -3.180155766E+19 , +0.000000000E+00 , +0.000000000E+00 , 1.0000000E+03 , 5.0000000E+01 , 2.0000000E+01 , 0.0000000E+00 , P
        32 , -3.180155764E+19 , +0.000000000E+00 , +0.000000000E+00 , 1.0000000E+03 , 5.0000000E+01 , 2.0000000E+01 , 0.0000000E+00 , P
        33 , -3.180155762E+19 , +0.000000000E+00 , +0.000000000E+00 , 1.0000000E+03 , 5.0000000E+01 , 2.0000000E+01 , 0.0000000E+00 , P
        34 , -3.180155761E+19 , +0.000000000E+00 , +0.000000000E+00 , 1.0000000E+03 , 5.0000000E+01 , 2.0000000E+01 , 0.0000000E+00 , P
        35 , -3.180155759E+19 , +0.000000000E+00 , +0.000000000E+00 , 1.0000000E+03 , 5.0000000E+01 , 2.0000000E+01 , 0.0000000E+00 , P
        36 , -3.180155758E+19 , +0.000000000E+00 , +0.000000000E+00 , 1.0000000E+03 , 5.0000000E+01 , 2.0000000E+01 , 0.0000000E+00 , P
        37 , -3.180155756E+19 , +0.000000000E+00 , +0.000000000E+00 , 1.0000000E+03 , 5.0000000E+01 , 2.0000000E+01 , 0.0000000E+00 , P
        38 , -3.180155754E+19 , +0.000000000E+00 , +0.000000000E+00 , 1.0000000E+03 , 5.0000000E+01 , 2.0000000E+01 , 0.0000000E+00 , P
        39 , -3.180155753E+19 , +0.000000000E+00 , +0.000000000E+00 , 1.0000000E+03 , 5.0000000E+01 , 2.0000000E+01 , 0.0000000E+00 , P
        40 , -3.180155751E+19 , +0.000000000E+00 , +0.000000000E+00 , 1.0000000E+03 , 5.0000000E+01 , 2.0000000E+01 , 0.0000000E+00 , P
        41 , -3.180155750E+19 , +0.000000000E+00 , +0.000000000E+00 , 1.0000000E+03 , 5.0000000E+01 , 2.0000000E+01 , 0.0000000E+00 , P
        42 , -3.180155748E+19 , +0.000000000E+00 , +0.000000000E+00 , 1.0000000E+03 , 5.0000000E+01 , 2.0000000E+01 , 0.0000000E+00 , P
        43 , -3.180155747E+19 , +0.000000000E+00 , +0.000000000E+00 , 1.0000000E+03 , 5.0000000E+01 , 2.0000000E+01 , 0.0000000E+00 , P
        44 , -3.180155745E+19 , +0.000000000E+00 , +0.000000000E+00 , 1.0000000E+03 , 5.0000000E+01 , 2.0000000E+01 , 0.0000000E+00 , P
        45 , -3.180155743E+19 , +0.000000000E+00 , +0.000000000E+00 , 1.0000000E+03 , 5.0000000E+01 , 2.0000000E+01 , 0.0000000E+00 , P
        46 , -3.180155742E+19 , +0.000000000E+00 , +0.000000000E+00 , 1.0000000E+03 , 5.0000000E+01 , 2.0000000E+01 , 0.0000000E+00 , P
        47 , -3.180155740E+19 , +0.000000000E+00 , +0.000000000E+00 , 1.0000000E+03 , 5.0000000E+01 , 2.0000000E+01 , 0.0000000E+00 , P
        48 , -3.180155739E+19 , +0.000000000E+00 , +0.000000000E+00 , 1.0000000E+03 , 5.0000000E+01 , 2.0000000E+01 , 0.0000000E+00 , P
        49 , -3.180155737E+19 , +0.000000000E+00 , +0.000000000E+00 , 1.0000000E+03 , 5.0000000E+01 , 2.0000000E+01 , 0.0000000E+00 , P
        50 , -3.180155735E+19 , +0.000000000E+00 , +0.000000000E+00 , 1.0000000E+03 , 5.0000000E+01 , 2.0000000E+01 , 0.0000000E+00 , P
        51 , -3.180155734E+19 , +0.000000000E+00 , +0.000000000E+00 , 1.0000000E+03 , 5.0000000E+01 , 2.0000000E+01 , 0.0000000E+00 , P
        52 , -3.180155732E+19 , +0.000000000E+00 , +0.000000000E+00 , 1.0000000E+03 , 5.0000000E+01 , 2.0000000E+01 , 0.0000000E+00 , P
        53 , -3.180155731E+19 , +0.000000000E+00 , +0.000000000E+00 , 1.0000000E+03 , 5.0000000E+01 , 2.0000000E+01 , 0.0000000E+00 , P
        54 , -3.180155729E+19 , +0.000000000E+00 , +0.000000000E+00 , 1.0000000E+03 , 5.0000000E+01 , 2.0000000E+01 , 0.0000000E+00 , P
        55 , -3.180155727E+19 , +0.000000000E+00 , +0.000000000E+00 , 1.0000000E+03 , 5.0000000E+01 , 2.0000000E+01 , 0.0000000E+00 , P
        56 , -3.180155726E+19 , +0.000000000E+00 , +0.000000000E+00 , 1.0000000E+03 , 5.0000000E+01 , 2.0000000E+01 , 0.0000000E+00 , P
        57 , -3.180155724E+19 , +0.000000000E+00 , +0.000000000E+00 , 1.0000000E+03 , 5.0000000E+01 , 2.0000000E+01 , 0.0000000E+00 , P
        58 , -3.180155723E+19 , +0.000000000E+00 , +0.000000000E+00 , 1.0000000E+03 , 5.0000000E+01 , 2.0000000E+01 , 0.0000000E+00 , P
        59 , -3.180155721E+19 , +0.000000000E+00 , +0.000000000E+00 , 1.0000000E+03 , 5.0000000E+01 , 2.0000000E+01 , 0.0000000E+00 , P
        60 , -3.180155720E+19 , +0.000000000E+00 , +0.000000000E+00 , 1.0000000E+03 , 5.0000000E+01 , 2.0000000E+01 , 0.0000000E+00 , P
        61 , -3.180155718E+19 , +0.000000000E+00 , +0.000000000E+00 , 1.0000000E+03 , 5.0000000E+01 , 2.0000000E+01 , 0.0000000E+00 , P
        62 , -3.180155716E+19 , +0.000000000E+00 , +0.000000000E+00 , 1.0000000E+03 , 5.0000000E+01 , 2.0000000E+01 , 0.0000000E+00 , P
        63 , -3.180155715E+19 , +0.000000000E+00 , +0.000000000E+00 , 1.0000000E+03 , 5.0000000E+01 , 2.0000000E+01 , 0.0000000E+00 , P
        64 , -3.180155713E+19 , +0.000000000E+00 , +0.000000000E+00 , 1.0000000E+03 , 5.0000000E+01 , 2.0000000E+01 , 0.0000000E+00 , P
        65 , -3.180155712E+19 , +0.000000000E+00 , +0.000000000E+00 , 1.0000000E+03 , 5.0000000E+01 , 2.0000000E+01 , 0.0000000E+00 , P
        66 , -3.180155710E+19 , +0.000000000E+00 , +0.000000000E+00 , 1.0000000E+03 , 5.0000000E+01 , 2.0000000E+01 , 0.0000000E+00 , P
        67 , -3.180155708E+19 , +0.000000000E+00 , +0.000000000E+00 , 1.0000000E+03 , 5.0000000E+01 , 2.0000000E+01 , 0.0000000E+00 , P
        68 , -3.180155707E+19 , +0.000000000E+00 , +0.000000000E+00 , 1.0000000E+03 , 5.0000000E+01 , 2.0000000E+01 , 0.0000000E+00 , P
        69 , -3.180155705E+19 , +0.000000000E+00 , +0.000000000E+00 , 1.0000000E+03 , 5.0000000E+01 , 2.0000000E+01 , 0.0000000E+00 , P
        70 , -3.180155704E+19 , +0.000000000E+00 , +0.000000000E+00 , 1.0000000E+03 , 5.0000000E+01 , 2.0000000E+01 , 0.0000000E+00 , P
        71 , -3.180155702E+19 , +0.000000000E+00 , +0.000000000E+00 , 1.0000000E+03 , 5.0000000E+01 , 2.0000000E+01 , 0.0000000E+00 , P
        72 , -3.180155700E+19 , +0.000000000E+00 , +0.000000000E+00 , 1.0000000E+03 , 5.0000000E+01 , 2.0000000E+01 , 0.0000000E+00 , P
        73 , -3.180155699E+19 , +0.000000000E+00 , +0.000000000E+00 , 1.0000000E+03 , 5.0000000E+01 , 2.0000000E+01 , 0.0000000E+00 , P
        74 , -3.180155697E+19 , +0.000000000E+00 , +0.000000000E+00 , 1.0000000E+03 , 5.0000000E+01 , 2.0000000E+01 , 0.0000000E+00 , P
        75 , -3.180155696E+19 , +0.000000000E+00 , +0.000000000E+00 , 1.0000000E+03 , 5.0000000E+01 , 2.0000000E+01 , 0.0000000E+00 , P
        76 , -3.180155694E+19 , +0.000000000E+00 , +0.000000000E+00 , 1.0000000E+03 , 5.0000000E+01 , 2.0000000E+01 , 0.0000000E+00 , P
        77 , -3.180155692E+19 , +0.000000000E+00 , +0.000000000E+00 , 1.0000000E+03 , 5.0000000E+01 , 2.0000000E+01 , 0.0000000E+00 , P
        78 , -3.180155691E+19 , +0.000000000E+00 , +0.000000000E+00 , 1.0000000E+03 , 5.0000000E+01 , 2.0000000E+01 , 0.0000000E+00 , P
        79 , -3.180155689E+19 , +0.000000000E+00 , +0.000000000E+00 , 1.0000000E+03 , 5.0000000E+01 , 2.0000000E+01 , 0.0000000E+00 , P
        80 , -3.180155688E+19 , +0.000000000E+00 , +0.000000000E+00 , 1.0000000E+03 , 5.0000000E+01 , 2.0000000E+01 , 0.0000000E+00 , P
        81 , -3.180155686E+19 , +0.000000000E+00 , +0.000000000E+00 , 1.0000000E+03 , 5.0000000E+01 , 2.0000000E+01 , 0.0000000E+00 , P
        82 , -3.180155685E+19 , +0.000000000E+00 , +0.000000000E+00 , 1.0000000E+03 , 5.0000000E+01 , 2.0000000E+01 , 0.0000000E+00 , P
        83 , -3.180155683E+19 , +0.000000000E+00 , +0.000000000E+00 , 1.0000000E+03 , 5.0000000E+01 , 2.0000000E+01 , 0.0000000E+00 , P
        84 , -3.180155681E+19 , +0.000000000E+00 , +0.000000000E+00 , 1.0000000E+03 , 5.0000000E+01 , 2.0000000E+01 , 0.0000000E+00 , P
        85 , -3.180155680E+19 , +0.000000000E+00 , +0.000000000E+00 , 1.0000000E+03 , 5.0000000E+01 , 2.0000000E+01 , 0.0000000E+00 , P
        86 , -3.180155678E+19 , +0.000000000E+00 , +0.000000000E+00 , 1.0000000E+03 , 5.0000000E+01 , 2.0000000E+01 , 0.0000000E+00 , P
        87 , -3.180155677E+19 , +0.000000000E+00 , +0.000000000E+00 , 1.0000000E+03 , 5.0000000E+01 , 2.0000000E+01 , 0.0000000E+00 , P
        88 , -3.180155675E+19 , +0.000000000E+00 , +0.000000000E+00 , 1.0000000E+03 , 5.0000000E+01 , 2.0000000E+01 , 0.0000000E+00 , P
        89 , -3.180155673E+19 , +0.000000000E+00 , +0.000000000E+00 , 1.0000000E+03 , 5.0000000E+01 , 2.0000000E+01 , 0.0000000E+00 , P
        90 , -3.180155672E+19 , +0.000000000E+00 , +0.000000000E+00 , 1.0000000E+03 , 5.0000000E+01 , 2.0000000E+01 , 0.0000000E+00 , P
        91 , -3.180155670E+19 , +0.000000000E+00 , +0.000000000E+00 , 1.0000000E+03 , 5.0000000E+01 , 2.0000000E+01 , 0.0000000E+00 , P
        92 , -3.180155669E+19 , +0.000000000E+00 , +0.000000000E+00 , 1.0000000E+03 , 5.0000000E+01 , 2.0000000E+01 , 0.0000000E+00 , P
        93 , -3.180155653E+19 , +0.000000000E+00 , +0.000000000E+00 , 1.0000000E+03 , 5.0000000E+01 , 2.0000000E+01 , 0.0000000E+00 , P
        94 , -3.180155637E+19 , +0.000000000E+00 , +0.000000000E+00 , 1.0000000E+03 , 5.0000000E+01 , 2.0000000E+01 , 0.0000000E+00 , P
        95 , -3.180155621E+19 , +0.000000000E+00 , +0.000000000E+00 , 1.0000000E+03 , 5.0000000E+01 , 2.0000000E+01 , 0.0000000E+00 , P
        96 , -3.180155605E+19 , +0.000000000E+00 , +0.000000000E+00 , 1.0000000E+03 , 5.0000000E+01 , 2.0000000E+01 , 0.0000000E+00 , P
        97 , -3.180155589E+19 , +0.000000000E+00 , +0.000000000E+00 , 1.0000000E+03 , 5.0000000E+01 , 2.0000000E+01 , 0.0000000E+00 , P
        98 , -3.180155573E+19 , +0.000000000E+00 , +0.000000000E+00 , 1.0000000E+03 , 5.0000000E+01 , 2.0000000E+01 , 0.0000000E+00 , P
        99 , -3.180155557E+19 , +0.000000000E+00 , +0.000000000E+00 , 1.0000000E+03 , 5.0000000E+01 , 2.0000000E+01 , 0.0000000E+00 , P
       100 , -3.180155541E+19 , +0.000000000E+00 , +0.000000000E+00 , 1.0000000E+03 , 5.0000000E+01 , 2.0000000E+01 , 0.0000000E+00 , P
       101 , -3.180155526E+19 , +0.000000000E+00 , +0.000000000E+00 , 1.0000000E+03 , 5.0000000E+01 , 2.0000000E+01 , 0.0000000E+00 , P
       102 , -3.180155510E+19 , +0.000000000E+00 , +0.000000000E+00 , 1.0000000E+03 , 5.0000000E+01 , 2.0000000E+01 , 0.0000000E+00 , P
       103 , -3.180155494E+19 , +0.000000000E+00 , +0.000000000E+00 , 1.0000000E+03 , 5.0000000E+01 , 2.0000000E+01 , 0.0000000E+00 , P
       104 , -3.180155478E+19 , +0.000000000E+00 , +0.000000000E+00 , 1.0000000E+03 , 5.0000000E+01 , 2.0000000E+01 , 0.0000000E+00 , P
       105 , -3.180155462E+19 , +0.000000000E+00 , +0.000000000E+00 , 1.0000000E+03 , 5.0000000E+01 , 2.0000000E+01 , 0.0000000E+00 , P
       106 , -3.180155446E+19 , +0.000000000E+00 , +0.000000000E+00 , 1.0000000E+03 , 5.0000000E+01 , 2.0000000E+01 , 0.0000000E+00 , P
       107 , -3.180155430E+19 , +0.000000000E+00 , +0.000000000E+00 , 1.0000000E+03 , 5.0000000E+01 , 2.0000000E+01 , 0.0000000E+00 , P
       108 , -3.180155414E+19 , +0.000000000E+00 , +0.000000000E+00 , 1.0000000E+03 , 5.0000000E+01 , 2.0000000E+01 , 0.0000000E+00 , P
       109 , -3.180155398E+19 , +0.000000000E+00 , +0.000000000E+00 , 1.0000000E+03 , 5.0000000E+01 , 2.0000000E+01 , 0.0000000E+00 , P
       110 , -3.180155382E+19 , +0.000000000E+00 , +0.000000000E+00 , 1.0000000E+03 , 5.0000000E+01 , 2.0000000E+01 , 0.0000000E+00 , P
       111 , -3.180155367E+19 , +0.000000000E+00 , +0.000000000E+00 , 1.0000000E+03 , 5.0000000E+01 , 2.0000000E+01 , 0.0000000E+00 , P
       112 , -3.180155351E+19 , +0.000000000E+00 , +0.000000000E+00 , 1.0000000E+03 , 5.0000000E+01 , 2.0000000E+01 , 0.0000000E+00 , P
       113 , -3.180155335E+19 , +0.000000000E+00 , +0.000000000E+00 , 1.0000000E+03 , 5.0000000E+01 , 2.0000000E+01 , 0.0000000E+00 , P
       114 , -3.180155319E+19 , +0.000000000E+00 , +0.000000000E+00 , 1.0000000E+03 , 5.0000000E+01 , 2.0000000E+01 , 0.0000000E+00 , P
       115 , -3.180155303E+19 , +0.000000000E+00 , +0.000000000E+00 , 1.0000000E+03 , 5.0000000E+01 , 2.0000000E+01 , 0.0000000E+00 , P
       116 , -3.180155287E+19 , +0.000000000E+00 , +0.000000000E+00 , 1.0000000E+03 , 5.0000000E+01 , 2.0000000E+01 , 0.0000000E+00 , P
       117 , -3.180155271E+19 , +0.000000000E+00 , +0.000000000E+00 , 1.0000000E+03 , 5.0000000E+01 , 2.0000000E+01 , 0.0000000E+00 , P
       118 , -3.180155255E+19 , +0.000000000E+00 , +0.000000000E+00 , 1.0000000E+03 , 5.0000000E+01 , 2.0000000E+01 , 0.0000000E+00 , P
       119 , -3.180155239E+19 , +0.000000000E+00 , +0.000000000E+00 , 1.0000000E+03 , 5.0000000E+01 , 2.0000000E+01 , 0.0000000E+00 , P
       120 , -3.180155223E+19 , +0.000000000E+00 , +0.000000000E+00 , 1.0000000E+03 , 5.0000000E+01 , 2.0000000E+01 , 0.0000000E+00 , P
       121 , -3.180155208E+19 , +0.000000000E+00 , +0.000000000E+00 , 1.0000000E+03 , 5.0000000E+01 , 2.0000000E+01 , 0.0000000E+00 , P
       122 , -3.180155192E+19 , +0.000000000E+00 , +0.000000000E+00 , 1.0000000E+03 , 5.0000000E+01 , 2.0000000E+01 , 0.0000000E+00 , P
       123 , -3.180155176E+19 , +0.000000000E+00 , +0.000000000E+00 , 1.0000000E+03 , 5.0000000E+01 , 2.0000000E+01 , 0.0000000E+00 , P
       124 , -3.180155160E+19 , +0.000000000E+00 , +0.000000000E+00 , 1.0000000E+03 , 5.0000000E+01 , 2.0000000E+01 , 0.0000000E+00 , P
       125 , -3.180155144E+19 , +0.000000000E+00 , +0.000000000E+00 , 1.0000000E+03 , 5.0000000E+01 , 2.0000000E+01 , 0.0000000E+00 , P
       126 , -3.180155128E+19 , +0.000000000E+00 , +0.000000000E+00 , 1.0000000E+03 , 5.0000000E+01 , 2.0000000E+01 , 0.0000000E+00 , P
       127 , -3.180155112E+19 , +0.000000000E+00 , +0.000000000E+00 , 1.0000000E+03 , 5.0000000E+01 , 2.0000000E+01 , 0.0000000E+00 , P
       128 , -3.180155096E+19 , +0.000000000E+00 , +0.000000000E+00 , 1.0000000E+03 , 5.0000000E+01 , 2.0000000E+01 , 0.0000000E+00 , P
       129 , -3.180155080E+19 , +0.000000000E+00 , +0.000000000E+00 , 1.0000000E+03 , 5.0000000E+01 , 2.0000000E+01 , 0.0000000E+00 , P
       130 , -3.180155064E+19 , +0.000000000E+00 , +0.000000000E+00 , 1.0000000E+03 , 5.0000000E+01 , 2.0000000E+01 , 0.0000000E+00 , P
       131 , -3.180155048E+19 , +0.000000000E+00 , +0.000000000E+00 , 1.0000000E+03 , 5.0000000E+01 , 2.0000000E+01 , 0.0000000E+00 , P
       132 , -3.180155033E+19 , +0.000000000E+00 , +0.000000000E+00 , 1.0000000E+03 , 5.0000000E+01 , 2.0000000E+01 , 0.0000000E+00 , P
       133 , -3.180155017E+19 , +0.000000000E+00 , +0.000000000E+00 , 1.0000000E+03 , 5.0000000E+01 , 2.0000000E+01 , 0.0000000E+00 , P
       134 , -3.180155001E+19 , +0.000000000E+00 , +0.000000000E+00 , 1.0000000E+03 , 5.0000000E+01 , 2.0000000E+01 , 0.0000000E+00 , P
       135 , -3.180154985E+19 , +0.000000000E+00 , +0.000000000E+00 , 1.0000000E+03 , 5.0000000E+01 , 2.0000000E+01 , 0.0000000E+00 , P
       136 , -3.180154969E+19 , +0.000000000E+00 , +0.000000000E+00 , 1.0000000E+03 , 5.0000000E+01 , 2.0000000E+01 , 0.0000000E+00 , P
       137 , -3.180154953E+19 , +0.000000000E+00 , +0.000000000E+00 , 1.0000000E+03 , 5.0000000E+01 , 2.0000000E+01 , 0.0000000E+00 , P
       138 , -3.180154937E+19 , +0.000000000E+00 , +0.000000000E+00 , 1.0000000E+03 , 5.0000000E+01 , 2.0000000E+01 , 0.0000000E+00 , P
       139 , -3.180154921E+19 , +0.000000000E+00 , +0.000000000E+00 , 1.0000000E+03 , 5.0000000E+01 , 2.0000000E+01 , 0.0000000E+00 , P
       140 , -3.180154905E+19 , +0.000000000E+00 , +0.000000000E+00 , 1.0000000E+03 , 5.0000000E+01 , 2.0000000E+01 , 0.0000000E+00 , P
       141 , -3.180154889E+19 , +0.000000000E+00 , +0.000000000E+00 , 1.0000000E+03 , 5.0000000E+01 , 2.0000000E+01 , 0.0000000E+00 , P
       142 , -3.180154874E+19 , +0.000000000E+00 , +0.000000000E+00 , 1.0000000E+03 , 5.0000000E+01 , 2.0000000E+01 , 0.0000000E+00 , P
       143 , -3.180154858E+19 , +0.000000000E+00 , +0.000000000E+00 , 1.0000000E+03 , 5.0000000E+01 , 2.0000000E+01 , 0.0000000E+00 , P
       144 , -3.180154842E+19 , +0.000000000E+00 , +0.000000000E+00 , 1.0000000E+03 , 5.0000000E+01 , 2.0000000E+01 , 0.0000000E+00 , P
       145 , -3.180154826E+19 , +0.000000000E+00 , +0.000000000E+00 , 1.0000000E+03 , 5.0000000E+01 , 2.0000000E+01 , 0.0000000E+00 , P
       146 , -3.180154810E+19 , +0.000000000E+00 , +0.000000000E+00 , 1.0000000E+03 , 5.0000000E+01 , 2.0000000E+01 , 0.0000000E+00 , P
       147 , -3.180154794E+19 , +0.000000000E+00 , +0.000000000E+00 , 1.0000000E+03 , 5.0000000E+01 , 2.0000000E+01 , 0.0000000E+00 , P
       148 , -3.180154778E+19 , +0.000000000E+00 , +0.000000000E+00 , 1.0000000E+03 , 5.0000000E+01 , 2.0000000E+01 , 0.0000000E+00 , P
       149 , -3.180154762E+19 , +0.000000000E+00 , +0.000000000E+00 , 1.0000000E+03 , 5.0000000E+01 , 2.0000000E+01 , 0.0000000E+00 , P
       150 , -3.180154746E+19 , +0.000000000E+00 , +0.000000000E+00 , 1.0000000E+03 , 5.0000000E+01 , 2.0000000E+01 , 0.0000000E+00 , P
       151 , -3.180154730E+19 , +0.000000000E+00 , +0.000000000E+00 , 1.0000000E+03 , 5.0000000E+01 , 2.0000000E+01 , 0.0000000E+00 , P
       152 , -3.180154715E+19 , +0.000000000E+00 , +0.000000000E+00 , 1.0000000E+03 , 5.0000000E+01 , 2.0000000E+01 , 0.0000000E+00 , P
       153 , -3.180154699E+19 , +0.000000000E+00 , +0.000000000E+00 , 1.0000000E+03 , 5.0000000E+01 , 2.0000000E+01 , 0.0000000E+00 , P
       154 , -3.180154683E+19 , +0.000000000E+00 , +0.000000000E+00 , 1.0000000E+03 , 5.0000000E+01 , 2.0000000E+01 , 0.0000000E+00 , P
       155 , -3.180154667E+19 , +0.000000000E+00 , +0.000000000E+00 , 1.0000000E+03 , 5.0000000E+01 , 2.0000000E+01 , 0.0000000E+00 , P
       156 , -3.180154651E+19 , +0.000000000E+00 , +0.000000000E+00 , 1.0000000E+03 , 5.0000000E+01 , 2.0000000E+01 , 0.0000000E+00 , P
       157 , -3.180154635E+19 , +0.000000000E+00 , +0.000000000E+00 , 1.0000000E+03 , 5.0000000E+01 , 2.0000000E+01 , 0.0000000E+00 , P
       158 , -3.180154619E+19 , +0.000000000E+00 , +0.000000000E+00 , 1.0000000E+03 , 5.0000000E+01 , 2.0000000E+01 , 0.0000000E+00 , P
       159 , -3.180154603E+19 , +0.000000000E+00 , +0.000000000E+00 , 1.0000000E+03 , 5.0000000E+01 , 2.0000000E+01 , 0.0000000E+00 , P
       160 , -3.180154587E+19 , +0.000000000E+00 , +0.000000000E+00 , 1.0000000E+03 , 5.0000000E+01 , 2.0000000E+01 , 0.0000000E+00 , P
       161 , -3.180154571E+19 , +0.000000000E+00 , +0.000000000E+00 , 1.0000000E+03 , 5.0000000E+01 , 2.0000000E+01 , 0.0000000E+00 , P
       162 , -3.180154556E+19 , +0.000000000E+00 , +0.000000000E+00 , 1.0000000E+03 , 5.0000000E+01 , 2.0000000E+01 , 0.0000000E+00 , P
       163 , -3.180154540E+19 , +0.000000000E+00 , +0.000000000E+00 , 1.0000000E+03 , 5.0000000E+01 , 2.0000000E+01 , 0.0000000E+00 , P
       164 , -3.180154524E+19 , +0.000000000E+00 , +0.000000000E+00 , 1.0000000E+03 , 5.0000000E+01 , 2.0000000E+01 , 0.0000000E+00 , P
       165 , -3.180154508E+19 , +0.000000000E+00 , +0.000000000E+00 , 1.0000000E+03 , 5.0000000E+01 , 2.0000000E+01 , 0.0000000E+00 , P
       166 , -3.180154492E+19 , +0.000000000E+00 , +0.000000000E+00 , 1.0000000E+03 , 5.0000000E+01 , 2.0000000E+01 , 0.0000000E+00 , P
       167 , -3.180154476E+19 , +0.000000000E+00 , +0.000000000E+00 , 1.0000000E+03 , 5.0000000E+01 , 2.0000000E+01 , 0.0000000E+00 , P
       168 , -3.180154460E+19 , +0.000000000E+00 , +0.000000000E+00 , 1.0000000E+03 , 5.0000000E+01 , 2.0000000E+01 , 0.0000000E+00 , P
       169 , -3.180154444E+19 , +0.000000000E+00 , +0.000000000E+00 , 1.0000000E+03 , 5.0000000E+01 , 2.0000000E+01 , 0.0000000E+00 , P
       170 , -3.180154428E+19 , +0.000000000E+00 , +0.000000000E+00 , 1.0000000E+03 , 5.0000000E+01 , 2.0000000E+01 , 0.0000000E+00 , P
       171 , -3.180154412E+19 , +0.000000000E+00 , +0.000000000E+00 , 1.0000000E+03 , 5.0000000E+01 , 2.0000000E+01 , 0.0000000E+00 , P
       172 , -3.180154397E+19 , +0.000000000E+00 , +0.000000000E+00 , 1.0000000E+03 , 5.0000000E+01 , 2.0000000E+01 , 0.0000000E+00 , P
       173 , -3.180154381E+19 , +0.000000000E+00 , +0.000000000E+00 , 1.0000000E+03 , 5.0000000E+01 , 2.0000000E+01 , 0.0000000E+00 , P
       174 , -3.180154365E+19 , +0.000000000E+00 , +0.000000000E+00 , 1.0000000E+03 , 5.0000000E+01 , 2.0000000E+01 , 0.0000000E+00 , P
       175 , -3.180154349E+19 , +0.000000000E+00 , +0.000000000E+00 , 1.0000000E+03 , 5.0000000E+01 , 2.0000000E+01 , 0.0000000E+00 , P
       176 , -3.180154333E+19 , +0.000000000E+00 , +0.000000000E+00 , 1.0000000E+03 , 5.0000000E+01 , 2.0000000E+01 , 0.0000000E+00 , P
       177 , -3.180154317E+19 , +0.000000000E+00 , +0.000000000E+00 , 1.0000000E+03 , 5.0000000E+01 , 2.0000000E+01 , 0.0000000E+00 , P
       178 , -3.180154301E+19 , +0.000000000E+00 , +0.000000000E+00 , 1.0000000E+03 , 5.0000000E+01 , 2.0000000E+01 , 0.0000000E+00 , P
       179 , -3.180154285E+19 , +0.000000000E+00 , +0.000000000E+00 , 1.0000000E+03 , 5.0000000E+01 , 2.0000000E+01 , 0.0000000E+00 , P
       180 , -3.180154269E+19 , +0.000000000E+00 , +0.000000000E+00 , 1.0000000E+03 , 5.0000000E+01 , 2.0000000E+01 , 0.0000000E+00 , P
       181 , -3.180154253E+19 , +0.000000000E+00 , +0.000000000E+00 , 1.0000000E+03 , 5.0000000E+01 , 2.0000000E+01 , 0.0000000E+00 , P
       182 , -3.180154238E+19 , +0.000000000E+00 , +0.000000000E+00 , 1.0000000E+03 , 5.0000000E+01 , 2.0000000E+01 , 0.0000000E+00 , P
       183 , -3.180154079E+19 , +0.000000000E+00 , +0.000000000E+00 , 1.0000000E+03 , 5.0000000E+01 , 2.0000000E+01 , 0.0000000E+00 , P
       184 , -3.180153920E+19 , +0.000000000E+00 , +0.000000000E+00 , 1.0000000E+03 , 5.0000000E+01 , 2.0000000E+01 , 0.0000000E+00 , P
       185 , -3.180153761E+19 , +0.000000000E+00 , +0.000000000E+00 , 1.0000000E+03 , 5.0000000E+01 , 2.0000000E+01 , 0.0000000E+00 , P
       186 , -3.180153602E+19 , +0.000000000E+00 , +0.000000000E+00 , 1.0000000E+03 , 5.0000000E+01 , 2.0000000E+01 , 0.0000000E+00 , P
       187 , -3.180153443E+19 , +0.000000000E+00 , +0.000000000E+00 , 1.0000000E+03 , 5.0000000E+01 , 2.0000000E+01 , 0.0000000E+00 , P
       188 , -3.180153284E+19 , +0.000000000E+00 , +0.000000000E+00 , 1.0000000E+03 , 5.0000000E+01 , 2.0000000E+01 , 0.0000000E+00 , P
       189 , -3.180153125E+19 , +0.000000000E+00 , +0.000000000E+00 , 1.0000000E+03 , 5.0000000E+01 , 2.0000000E+01 , 0.0000000E+00 , P
       190 , -3.180152965E+19 , +0.000000000E+00 , +0.000000000E+00 , 1.0000000E+03 , 5.0000000E+01 , 2.0000000E+01 , 0.0000000E+00 , P
       191 , -3.180152806E+19 , +0.000000000E+00 , +0.000000000E+00 , 1.0000000E+03 , 5.0000000E+01 , 2.0000000E+01 , 0.0000000E+00 , P
       192 , -3.180152647E+19 , +0.000000000E+00 , +0.000000000E+00 , 1.0000000E+03 , 5.0000000E+01 , 2.0000000E+01 , 0.0000000E+00 , P
       193 , -3.180152488E+19 , +0.000000000E+00 , +0.000000000E+00 , 1.0000000E+03 , 5.0000000E+01 , 2.0000000E+01 , 0.0000000E+00 , P
       194 , -3.180152329E+19 , +0.000000000E+00 , +0.000000000E+00 , 1.0000000E+03 , 5.0000000E+01 , 2.0000000E+01 , 0.0000000E+00 , P
       195 , -3.180152170E+19 , +0.000000000E+00 , +0.000000000E+00 , 1.0000000E+03 , 5.0000000E+01 , 2.0000000E+01 , 0.0000000E+00 , P
       196 , -3.180152011E+19 , +0.000000000E+00 , +0.000000000E+00 , 1.0000000E+03 , 5.0000000E+01 , 2.0000000E+01 , 0.0000000E+00 , P
       197 , -3.180151852E+19 , +0.000000000E+00 , +0.000000000E+00 , 1.0000000E+03 , 5.0000000E+01 , 2.0000000E+01 , 0.0000000E+00 , P
       198 , -3.180151693E+19 , +0.000000000E+00 , +0.000000000E+00 , 1.0000000E+03 , 5.0000000E+01 , 2.0000000E+01 , 0.0000000E+00 , P
       199 , -3.180151534E+19 , +0.000000000E+00 , +0.000000000E+00 , 1.0000000E+03 , 5.0000000E+01 , 2.0000000E+01 , 0.0000000E+00 , P
       200 , -3.180151375E+19 , +0.000000000E+00 , +0.000000000E+00 , 1.0000000E+03 , 5.0000000E+01 , 2.0000000E+01 , 0.0000000E+00 , P
       201 , -3.180151216E+19 , +0.000000000E+00 , +0.000000000E+00 , 1.0000000E+03 , 5.0000000E+01 , 2.0000000E+01 , 0.0000000E+00 , P
       202 , -3.180151057E+19 , +0.000000000E+00 , +0.000000000E+00 , 1.0000000E+03 , 5.0000000E+01 , 2.0000000E+01 , 0.0000000E+00 , P
       203 , -3.180150898E+19 , +0.000000000E+00 , +0.000000000E+00 , 1.0000000E+03 , 5.0000000E+01 , 2.0000000E+01 , 0.0000000E+00 , P
       204 , -3.180150739E+19 , +0.000000000E+00 , +0.000000000E+00 , 1.0000000E+03 , 5.0000000E+01 , 2.0000000E+01 , 0.0000000E+00 , P
       205 , -3.180150580E+19 , +0.000000000E+00 , +0.000000000E+00 , 1.0000000E+03 , 5.0000000E+01 , 2.0000000E+01 , 0.0000000E+00 , P
       206 , -3.180150421E+19 , +0.000000000E+00 , +0.000000000E+00 , 1.0000000E+03 , 5.0000000E+01 , 2.0000000E+01 , 0.0000000E+00 , P
       207 , -3.180150262E+19 , +0.000000000E+00 , +0.000000000E+00 , 1.0000000E+03 , 5.0000000E+01 , 2.0000000E+01 , 0.0000000E+00 , P
       208 , -3.180150103E+19 , +0.000000000E+00 , +0.000000000E+00 , 1.0000000E+03 , 5.0000000E+01 , 2.0000000E+01 , 0.0000000E+00 , P
       209 , -3.180149944E+19 , +0.000000000E+00 , +0.000000000E+00 , 1.0000000E+03 , 5.0000000E+01 , 2.0000000E+01 , 0.0000000E+00 , P
       210 , -3.180149785E+19 , +0.000000000E+00 , +0.000000000E+00 , 1.0000000E+03 , 5.0000000E+01 , 2.0000000E+01 , 0.0000000E+00 , P
       211 , -3.180149626E+19 , +0.000000000E+00 , +0.000000000E+00 , 1.0000000E+03 , 5.0000000E+01 , 2.0000000E+01 , 0.0000000E+00 , P
       212 , -3.180149467E+19 , +0.000000000E+00 , +0.000000000E+00 , 1.0000000E+03 , 5.0000000E+01 , 2.0000000E+01 , 0.0000000E+00 , P
       213 , -3.180149308E+19 , +0.000000000E+00 , +0.000000000E+00 , 1.0000000E+03 , 5.0000000E+01 , 2.0000000E+01 , 0.0000000E+00 , P
       214 , -3.180149149E+19 , +0.000000000E+00 , +0.000000000E+00 , 1.0000000E+03 , 5.0000000E+01 , 2.0000000E+01 , 0.0000000E+00 , P
       215 , -3.180148990E+19 , +0.000000000E+00 , +0.000000000E+00 , 1.0000000E+03 , 5.0000000E+01 , 2.0000000E+01 , 0.0000000E+00 , P
       216 , -3.180148831E+19 , +0.000000000E+00 , +0.000000000E+00 , 1.0000000E+03 , 5.0000000E+01 , 2.0000000E+01 , 0.0000000E+00 , P
       217 , -3.180148672E+19 , +0.000000000E+00 , +0.000000000E+00 , 1.0000000E+03 , 5.0000000E+01 , 2.0000000E+01 , 0.0000000E+00 , P
       218 , -3.180148513E+19 , +0.000000000E+00 , +0.000000000E+00 , 1.0000000E+03 , 5.0000000E+01 , 2.0000000E+01 , 0.0000000E+00 , P
       219 , -3.180148354E+19 , +0.000000000E+00 , +0.000000000E+00 , 1.0000000E+03 , 5.0000000E+01 , 2.0000000E+01 , 0.0000000E+00 , P
       220 , -3.180148195E+19 , +0.000000000E+00 , +0.000000000E+00 , 1.0000000E+03 , 5.0000000E+01 , 2.0000000E+01 , 0.0000000E+00 , P
       221 , -3.180148036E+19 , +0.000000000E+00 , +0.000000000E+00 , 1.0000000E+03 , 5.0000000E+01 , 2.0000000E+01 , 0.0000000E+00 , P
       222 , -3.180147877E+19 , +0.000000000E+00 , +0.000000000E+00 , 1.0000000E+03 , 5.0000000E+01 , 2.0000000E+01 , 0.0000000E+00 , P
       223 , -3.180147718E+19 , +0.000000000E+00 , +0.000000000E+00 , 1.0000000E+03 , 5.0000000E+01 , 2.0000000E+01 , 0.0000000E+00 , P
       224 , -3.180147559E+19 , +0.000000000E+00 , +0.000000000E+00 , 1.0000000E+03 , 5.0000000E+01 , 2.0000000E+01 , 0.0000000E+00 , P
       225 , -3.180147400E+19 , +0.000000000E+00 , +0.000000000E+00 , 1.0000000E+03 , 5.0000000E+01 , 2.0000000E+01 , 0.0000000E+00 , P
       226 , -3.180147241E+19 , +0.000000000E+00 , +0.000000000E+00 , 1.0000000E+03 , 5.0000000E+01 , 2.0000000E+01 , 0.0000000E+00 , P
       227 , -3.180147082E+19 , +0.000000000E+00 , +0.000000000E+00 , 1.0000000E+03 , 5.0000000E+01 , 2.0000000E+01 , 0.0000000E+00 , P
       228 , -3.180146923E+19 , +0.000000000E+00 , +0.000000000E+00 , 1.0000000E+03 , 5.0000000E+01 , 2.0000000E+01 , 0.0000000E+00 , P
       229 , -3.180146764E+19 , +0.000000000E+00 , +0.000000000E+00 , 1.0000000E+03 , 5.0000000E+01 , 2.0000000E+01 , 0.0000000E+00 , P
       230 , -3.180146605E+19 , +0.000000000E+00 , +0.000000000E+00 , 1.0000000E+03 , 5.0000000E+01 , 2.0000000E+01 , 0.0000000E+00 , P
       231 , -3.180146446E+19 , +0.000000000E+00 , +0.000000000E+00 , 1.0000000E+03 , 5.0000000E+01 , 2.0000000E+01 , 0.0000000E+00 , P
       232 , -3.180146287E+19 , +0.000000000E+00 , +0.000000000E+00 , 1.0000000E+03 , 5.0000000E+01 , 2.0000000E+01 , 0.0000000E+00 , P
       233 , -3.180146128E+19 , +0.000000000E+00 , +0.000000000E+00 , 1.0000000E+03 , 5.0000000E+01 , 2.0000000E+01 , 0.0000000E+00 , P
       234 , -3.180145969E+19 , +0.000000000E+00 , +0.000000000E+00 , 1.0000000E+03 , 5.0000000E+01 , 2.0000000E+01 , 0.0000000E+00 , P
       235 , -3.180145810E+19 , +0.000000000E+00 , +0.000000000E+00 , 1.0000000E+03 , 5.0000000E+01 , 2.0000000E+01 , 0.0000000E+00 , P
       236 , -3.180145651E+19 , +0.000000000E+00 , +0.000000000E+00 , 1.0000000E+03 , 5.0000000E+01 , 2.0000000E+01 , 0.0000000E+00 , P
       237 , -3.180145492E+19 , +0.000000000E+00 , +0.000000000E+00 , 1.0000000E+03 , 5.0000000E+01 , 2.0000000E+01 , 0.0000000E+00 , P
       238 , -3.180145333E+19 , +0.000000000E+00 , +0.000000000E+00 , 1.0000000E+03 , 5.0000000E+01 , 2.0000000E+01 , 0.0000000E+00 , P
       239 , -3.180145174E+19 , +0.000000000E+00 , +0.000000000E+00 , 1.0000000E+03 , 5.0000000E+01 , 2.0000000E+01 , 0.0000000E+00 , P
       240 , -3.180145015E+19 , +0.000000000E+00 , +0.000000000E+00 , 1.0000000E+03 , 5.0000000E+01 , 2.0000000E+01 , 0.0000000E+00 , P
       241 , -3.180144856E+19 , +0.000000000E+00 , +0.000000000E+00 , 1.0000000E+03 , 5.0000000E+01 , 2.0000000E+01 , 0.0000000E+00 , P
       242 , -3.180144697E+19 , +0.000000000E+00 , +0.000000000E+00 , 1.0000000E+03 , 5.0000000E+01 , 2.0000000E+01 , 0.0000000E+00 , P
       243 , -3.180144538E+19 , +0.000000000E+00 , +0.000000000E+00 , 1.0000000E+03 , 5.0000000E+01 , 2.0000000E+01 , 0.0000000E+00 , P
       244 , -3.180144379E+19 , +0.000000000E+00 , +0.000000000E+00 , 1.0000000E+03 , 5.0000000E+01 , 2.0000000E+01 , 0.0000000E+00 , P
       245 , -3.180144220E+19 , +0.000000000E+00 , +0.000000000E+00 , 1.0000000E+03 , 5.0000000E+01 , 2.0000000E+01 , 0.0000000E+00 , P
       246 , -3.180144061E+19 , +0.000000000E+00 , +0.000000000E+00 , 1.0000000E+03 , 5.0000000E+01 , 2.0000000E+01 , 0.0000000E+00 , P
       247 , -3.180143902E+19 , +0.000000000E+00 , +0.000000000E+00 , 1.0000000E+03 , 5.0000000E+01 , 2.0000000E+01 , 0.0000000E+00 , P
       248 , -3.180143743E+19 , +0.000000000E+00 , +0.000000000E+00 , 1.0000000E+03 , 5.0000000E+01 , 2.0000000E+01 , 0.0000000E+00 , P
       249 , -3.180143584E+19 , +0.000000000E+00 , +0.000000000E+00 , 1.0000000E+03 , 5.0000000E+01 , 2.0000000E+01 , 0.0000000E+00 , P
       250 , -3.180143425E+19 , +0.000000000E+00 , +0.000000000E+00 , 1.0000000E+03 , 5.0000000E+01 , 2.0000000E+01 , 0.0000000E+00 , P
       251 , -3.180143266E+19 , +0.000000000E+00 , +0.000000000E+00 , 1.0000000E+03 , 5.0000000E+01 , 2.0000000E+01 , 0.0000000E+00 , P
       252 , -3.180143107E+19 , +0.000000000E+00 , +0.000000000E+00 , 1.0000000E+03 , 5.0000000E+01 , 2.0000000E+01 , 0.0000000E+00 , P
       253 , -3.180142948E+19 , +0.000000000E+00 , +0.000000000E+00 , 1.0000000E+03 , 5.0000000E+01 , 2.0000000E+01 , 0.0000000E+00 , P
       254 , -3.180142789E+19 , +0.000000000E+00 , +0.000000000E+00 , 1.0000000E+03 , 5.0000000E+01 , 2.0000000E+01 , 0.0000000E+00 , P
       255 , -3.180142630E+19 , +0.000000000E+00 , +0.000000000E+00 , 1.0000000E+03 , 5.0000000E+01 , 2.0000000E+01 , 0.0000000E+00 , P
       256 , -3.180142471E+19 , +0.000000000E+00 , +0.000000000E+00 , 1.0000000E+03 , 5.0000000E+01 , 2.0000000E+01 , 0.0000000E+00 , P
       257 , -3.180142312E+19 , +0.000000000E+00 , +0.000000000E+00 , 1.0000000E+03 , 5.0000000E+01 , 2.0000000E+01 , 0.0000000E+00 , P
       258 , -3.180142153E+19 , +0.000000000E+00 , +0.000000000E+00 , 1.0000000E+03 , 5.0000000E+01 , 2.0000000E+01 , 0.0000000E+00 , P
       259 , -3.180141994E+19 , +0.000000000E+00 , +0.000000000E+00 , 1.0000000E+03 , 5.0000000E+01 , 2.0000000E+01 , 0.0000000E+00 , P
       260 , -3.180141835E+19 , +0.000000000E+00 , +0.000000000E+00 , 1.0000000E+03 , 5.0000000E+01 , 2.0000000E+01 , 0.0000000E+00 , P
       261 , -3.180141676E+19 , +0.000000000E+00 , +0.000000000E+00 , 1.0000000E+03 , 5.0000000E+01 , 2.0000000E+01 , 0.0000000E+00 , P
       262 , -3.180141517E+19 , +0.000000000E+00 , +0.000000000E+00 , 1.0000000E+03 , 5.0000000E+01 , 2.0000000E+01 , 0.0000000E+00 , P
       263 , -3.180141358E+19 , +0.000000000E+00 , +0.000000000E+00 , 1.0000000E+03 , 5.0000000E+01 , 2.0000000E+01 , 0.0000000E+00 , P
       264 , -3.180141199E+19 , +0.000000000E+00 , +0.000000000E+00 , 1.0000000E+03 , 5.0000000E+01 , 2.0000000E+01 , 0.0000000E+00 , P
       265 , -3.180141040E+19 , +0.000000000E+00 , +0.000000000E+00 , 1.0000000E+03 , 5.0000000E+01 , 2.0000000E+01 , 0.0000000E+00 , P
       266 , -3.180140881E+19 , +0.000000000E+00 , +0.000000000E+00 , 1.0000000E+03 , 5.0000000E+01 , 2.0000000E+01 , 0.0000000E+00 , P
       267 , -3.180140722E+19 , +0.000000000E+00 , +0.000000000E+00 , 1.0000000E+03 , 5.0000000E+01 , 2.0000000E+01 , 0.0000000E+00 , P
       268 , -3.180140563E+19 , +0.000000000E+00 , +0.000000000E+00 , 1.0000000E+03 , 5.0000000E+01 , 2.0000000E+01 , 0.0000000E+00 , P
       269 , -3.180140404E+19 , +0.000000000E+00 , +0.000000000E+00 , 1.0000000E+03 , 5.0000000E+01 , 2.0000000E+01 , 0.0000000E+00 , P
       270 , -3.180140245E+19 , +0.000000000E+00 , +0.000000000E+00 , 1.0000000E+03 , 5.0000000E+01 , 2.0000000E+01 , 0.0000000E+00 , P
       271 , -3.180140086E+19 , +0.000000000E+00 , +0.000000000E+00 , 1.0000000E+03 , 5.0000000E+01 , 2.0000000E+01 , 0.0000000E+00 , P
       272 , -3.180139927E+19 , +0.000000000E+00 , +0.000000000E+00 , 1.0000000E+03 , 5.0000000E+01 , 2.0000000E+01 , 0.0000000E+00 , P
       273 , -3.180138337E+19 , +0.000000000E+00 , +0.000000000E+00 , 1.0000000E+03 , 5.0000000E+01 , 2.0000000E+01 , 0.0000000E+00 , P
       274 , -3.180136747E+19 , +0.000000000E+00 , +0.000000000E+00 , 1.0000000E+03 , 5.0000000E+01 , 2.0000000E+01 , 0.0000000E+00 , P
       275 , -3.180135157E+19 , +0.000000000E+00 , +0.000000000E+00 , 1.0000000E+03 , 5.0000000E+01 , 2.0000000E+01 , 0.0000000E+00 , P
       276 , -3.180133567E+19 , +0.000000000E+00 , +0.000000000E+00 , 1.0000000E+03 , 5.0000000E+01 , 2.0000000E+01 , 0.0000000E+00 , P
       277 , -3.180131976E+19 , +0.000000000E+00 , +0.000000000E+00 , 1.0000000E+03 , 5.0000000E+01 , 2.0000000E+01 , 0.0000000E+00 , P
       278 , -3.180130386E+19 , +0.000000000E+00 , +0.000000000E+00 , 1.0000000E+03 , 5.0000000E+01 , 2.0000000E+01 , 0.0000000E+00 , P
       279 , -3.180128796E+19 , +0.000000000E+00 , +0.000000000E+00 , 1.0000000E+03 , 5.0000000E+01 , 2.0000000E+01 , 0.0000000E+00 , P
       280 , -3.180127206E+19 , +0.000000000E+00 , +0.000000000E+00 , 1.0000000E+03 , 5.0000000E+01 , 2.0000000E+01 , 0.0000000E+00 , P
       281 , -3.180125616E+19 , +0.000000000E+00 , +0.000000000E+00 , 1.0000000E+03 , 5.0000000E+01 , 2.0000000E+01 , 0.0000000E+00 , P
       282 , -3.180124026E+19 , +0.000000000E+00 , +0.000000000E+00 , 1.0000000E+03 , 5.0000000E+01 , 2.0000000E+01 , 0.0000000E+00 , P
       283 , -3.180122436E+19 , +0.000000000E+00 , +0.000000000E+00 , 1.0000000E+03 , 5.0000000E+01 , 2.0000000E+01 , 0.0000000E+00 , P
       284 , -3.180120846E+19 , +0.000000000E+00 , +0.000000000E+00 , 1.0000000E+03 , 5.0000000E+01 , 2.0000000E+01 , 0.0000000E+00 , P
       285 , -3.180119256E+19 , +0.000000000E+00 , +0.000000000E+00 , 1.0000000E+03 , 5.0000000E+01 , 2.0000000E+01 , 0.0000000E+00 , P
       286 , -3.180117666E+19 , +0.000000000E+00 , +0.000000000E+00 , 1.0000000E+03 , 5.0000000E+01 , 2.0000000E+01 , 0.0000000E+00 , P
       287 , -3.180116076E+19 , +0.000000000E+00 , +0.000000000E+00 , 1.0000000E+03 , 5.0000000E+01 , 2.0000000E+01 , 0.0000000E+00 , P
       288 , -3.180114486E+19 , +0.000000000E+00 , +0.000000000E+00 , 1.0000000E+03 , 5.0000000E+01 , 2.0000000E+01 , 0.0000000E+00 , P
       289 , -3.180112896E+19 , +0.000000000E+00 , +0.000000000E+00 , 1.0000000E+03 , 5.0000000E+01 , 2.0000000E+01 , 0.0000000E+00 , P
       290 , -3.180111305E+19 , +0.000000000E+00 , +0.000000000E+00 , 1.0000000E+03 , 5.0000000E+01 , 2.0000000E+01 , 0.0000000E+00 , P
       291 , -3.180109715E+19 , +0.000000000E+00 , +0.000000000E+00 , 1.0000000E+03 , 5.0000000E+01 , 2.0000000E+01 , 0.0000000E+00 , P
       292 , -3.180108125E+19 , +0.000000000E+00 , +0.000000000E+00 , 1.0000000E+03 , 5.0000000E+01 , 2.0000000E+01 , 0.0000000E+00 , P
       293 , -3.180106535E+19 , +0.000000000E+00 , +0.000000000E+00 , 1.0000000E+03 , 5.0000000E+01 , 2.0000000E+01 , 0.0000000E+00 , P
       294 , -3.180104945E+19 , +0.000000000E+00 , +0.000000000E+00 , 1.0000000E+03 , 5.0000000E+01 , 2.0000000E+01 , 0.0000000E+00 , P
       295 , -3.180103355E+19 , +0.000000000E+00 , +0.000000000E+00 , 1.0000000E+03 , 5.0000000E+01 , 2.0000000E+01 , 0.0000000E+00 , P
       296 , -3.180101765E+19 , +0.000000000E+00 , +0.000000000E+00 , 1.0000000E+03 , 5.0000000E+01 , 2.0000000E+01 , 0.0000000E+00 , P
       297 , -3.180100175E+19 , +0.000000000E+00 , +0.000000000E+00 , 1.0000000E+03 , 5.0000000E+01 , 2.0000000E+01 , 0.0000000E+00 , P
       298 , -3.180098585E+19 , +0.000000000E+00 , +0.000000000E+00 , 1.0000000E+03 , 5.0000000E+01 , 2.0000000E+01 , 0.0000000E+00 , P
       299 , -3.180096995E+19 , +0.000000000E+00 , +0.000000000E+00 , 1.0000000E+03 , 5.0000000E+01 , 2.0000000E+01 , 0.0000000E+00 , P
       300 , -3.180095405E+19 , +0.000000000E+00 , +0.000000000E+00 , 1.0000000E+03 , 5.0000000E+01 , 2.0000000E+01 , 0.0000000E+00 , P
       301 , -3.180093815E+19 , +0.000000000E+00 , +0.000000000E+00 , 1.0000000E+03 , 5.0000000E+01 , 2.0000000E+01 , 0.0000000E+00 , P
       302 , -3.180092225E+19 , +0.000000000E+00 , +0.000000000E+00 , 1.0000000E+03 , 5.0000000E+01 , 2.0000000E+01 , 0.0000000E+00 , P
       303 , -3.180090634E+19 , +0.000000000E+00 , +0.000000000E+00 , 1.0000000E+03 , 5.0000000E+01 , 2.0000000E+01 , 0.0000000E+00 , P
       304 , -3.180089044E+19 , +0.000000000E+00 , +0.000000000E+00 , 1.0000000E+03 , 5.0000000E+01 , 2.0000000E+01 , 0.0000000E+00 , P
       305 , -3.180087454E+19 , +0.000000000E+00 , +0.000000000E+00 , 1.0000000E+03 , 5.0000000E+01 , 2.0000000E+01 , 0.0000000E+00 , P
       306 , -3.180085864E+19 , +0.000000000E+00 , +0.000000000E+00 , 1.0000000E+03 , 5.0000000E+01 , 2.0000000E+01 , 0.0000000E+00 , P
       307 , -3.180084274E+19 , +0.000000000E+00 , +0.000000000E+00 , 1.0000000E+03 , 5.0000000E+01 , 2.0000000E+01 , 0.0000000E+00 , P
       308 , -3.180082684E+19 , +0.000000000E+00 , +0.000000000E+00 , 1.0000000E+03 , 5.0000000E+01 , 2.0000000E+01 , 0.0000000E+00 , P
       309 , -3.180081094E+19 , +0.000000000E+00 , +0.000000000E+00 , 1.0000000E+03 , 5.0000000E+01 , 2.0000000E+01 , 0.0000000E+00 , P
       310 , -3.180079504E+19 , +0.000000000E+00 , +0.000000000E+00 , 1.0000000E+03 , 5.0000000E+01 , 2.0000000E+01 , 0.0000000E+00 , P
       311 , -3.180077914E+19 , +0.000000000E+00 , +0.000000000E+00 , 1.0000000E+03 , 5.0000000E+01 , 2.0000000E+01 , 0.0000000E+00 , P
       312 , -3.180076324E+19 , +0.000000000E+00 , +0.000000000E+00 , 1.0000000E+03 , 5.0000000E+01 , 2.0000000E+01 , 0.0000000E+00 , P
       313 , -3.180074734E+19 , +0.000000000E+00 , +0.000000000E+00 , 1.0000000E+03 , 5.0000000E+01 , 2.0000000E+01 , 0.0000000E+00 , P
       314 , -3.180073144E+19 , +0.000000000E+00 , +0.000000000E+00 , 1.0000000E+03 , 5.0000000E+01 , 2.0000000E+01 , 0.0000000E+00 , P
       315 , -3.180071554E+19 , +0.000000000E+00 , +0.000000000E+00 , 1.0000000E+03 , 5.0000000E+01 , 2.0000000E+01 , 0.0000000E+00 , P
       316 , -3.180069963E+19 , +0.000000000E+00 , +0.000000000E+00 , 1.0000000E+03 , 5.0000000E+01 , 2.0000000E+01 , 0.0000000E+00 , P
       317 , -3.180068373E+19 , +0.000000000E+00 , +0.000000000E+00 , 1.0000000E+03 , 5.0000000E+01 , 2.0000000E+01 , 0.0000000E+00 , P
       318 , -3.180066783E+19 , +0.000000000E+00 , +0.000000000E+00 , 1.0000000E+03 , 5.0000000E+01 , 2.0000000E+01 , 0.0000000E+00 , P
       319 , -3.180065193E+19 , +0.000000000E+00 , +0.000000000E+00 , 1.0000000E+03 , 5.0000000E+01 , 2.0000000E+01 , 0.0000000E+00 , P
       320 , -3.180063603E+19 , +0.000000000E+00 , +0.000000000E+00 , 1.0000000E+03 , 5.0000000E+01 , 2.0000000E+01 , 0.0000000E+00 , P
       321 , -3.180062013E+19 , +0.000000000E+00 , +0.000000000E+00 , 1.0000000E+03 , 5.0000000E+01 , 2.0000000E+01 , 0.0000000E+00 , P
       322 , -3.180060423E+19 , +0.000000000E+00 , +0.000000000E+00 , 1.0000000E+03 , 5.0000000E+01 , 2.0000000E+01 , 0.0000000E+00 , P
       323 , -3.180058833E+19 , +0.000000000E+00 , +0.000000000E+00 , 1.0000000E+03 , 5.0000000E+01 , 2.0000000E+01 , 0.0000000E+00 , P
       324 , -3.180057243E+19 , +0.000000000E+00 , +0.000000000E+00 , 1.0000000E+03 , 5.0000000E+01 , 2.0000000E+01 , 0.0000000E+00 , P
       325 , -3.180055653E+19 , +0.000000000E+00 , +0.000000000E+00 , 1.0000000E+03 , 5.0000000E+01 , 2.0000000E+01 , 0.0000000E+00 , P
       326 , -3.180054063E+19 , +0.000000000E+00 , +0.000000000E+00 , 1.0000000E+03 , 5.0000000E+01 , 2.0000000E+01 , 0.0000000E+00 , P
       327 , -3.180052473E+19 , +0.000000000E+00 , +0.000000000E+00 , 1.0000000E+03 , 5.0000000E+01 , 2.0000000E+01 , 0.0000000E+00 , P
       328 , -3.180050882E+19 , +0.000000000E+00 , +0.000000000E+00 , 1.0000000E+03 , 5.0000000E+01 , 2.0000000E+01 , 0.0000000E+00 , P
       329 , -3.180049292E+19 , +0.000000000E+00 , +0.000000000E+00 , 1.0000000E+03 , 5.0000000E+01 , 2.0000000E+01 , 0.0000000E+00 , P
       330 , -3.180047702E+19 , +0.000000000E+00 , +0.000000000E+00 , 1.0000000E+03 , 5.0000000E+01 , 2.0000000E+01 , 0.0000000E+00 , P
       331 , -3.180046112E+19 , +0.000000000E+00 , +0.000000000E+00 , 1.0000000E+03 , 5.0000000E+01 , 2.0000000E+01 , 0.0000000E+00 , P
       332 , -3.180044522E+19 , +0.000000000E+00 , +0.000000000E+00 , 1.0000000E+03 , 5.0000000E+01 , 2.0000000E+01 , 0.0000000E+00 , P
       333 , -3.180042932E+19 , +0.000000000E+00 , +0.000000000E+00 , 1.0000000E+03 , 5.0000000E+01 , 2.0000000E+01 , 0.0000000E+00 , P
       334 , -3.180041342E+19 , +0.000000000E+00 , +0.000000000E+00 , 1.0000000E+03 , 5.0000000E+01 , 2.0000000E+01 , 0.0000000E+00 , P
       335 , -3.180039752E+19 , +0.000000000E+00 , +0.000000000E+00 , 1.0000000E+03 , 5.0000000E+01 , 2.0000000E+01 , 0.0000000E+00 , P
       336 , -3.180038162E+19 , +0.000000000E+00 , +0.000000000E+00 , 1.0000000E+03 , 5.0000000E+01 , 2.0000000E+01 , 0.0000000E+00 , P
       337 , -3.180036572E+19 , +0.000000000E+00 , +0.000000000E+00 , 1.0000000E+03 , 5.0000000E+01 , 2.0000000E+01 , 0.0000000E+00 , P
       338 , -3.180034982E+19 , +0.000000000E+00 , +0.000000000E+00 , 1.0000000E+03 , 5.0000000E+01 , 2.0000000E+01 , 0.0000000E+00 , P
       339 , -3.180033392E+19 , +0.000000000E+00 , +0.000000000E+00 , 1.0000000E+03 , 5.0000000E+01 , 2.0000000E+01 , 0.0000000E+00 , P
       340 , -3.180031802E+19 , +0.000000000E+00 , +0.000000000E+00 , 1.0000000E+03 , 5.0000000E+01 , 2.0000000E+01 , 0.0000000E+00 , P
       341 , -3.180030211E+19 , +0.000000000E+00 , +0.000000000E+00 , 1.0000000E+03 , 5.0000000E+01 , 2.0000000E+01 , 0.0000000E+00 , P
       342 , -3.180028621E+19 , +0.000000000E+00 , +0.000000000E+00 , 1.0000000E+03 , 5.0000000E+01 , 2.0000000E+01 , 0.0000000E+00 , P
       343 , -3.180027031E+19 , +0.000000000E+00 , +0.000000000E+00 , 1.0000000E+03 , 5.0000000E+01 , 2.0000000E+01 , 0.0000000E+00 , P
       344 , -3.180025441E+19 , +0.000000000E+00 , +0.000000000E+00 , 1.0000000E+03 , 5.0000000E+01 , 2.0000000E+01 , 0.0000000E+00 , P
       345 , -3.180023851E+19 , +0.000000000E+00 , +0.000000000E+00 , 1.0000000E+03 , 5.0000000E+01 , 2.0000000E+01 , 0.0000000E+00 , P
       346 , -3.180022261E+19 , +0.000000000E+00 , +0.000000000E+00 , 1.0000000E+03 , 5.0000000E+01 , 2.0000000E+01 , 0.0000000E+00 , P
       347 , -3.180020671E+19 , +0.000000000E+00 , +0.000000000E+00 , 1.0000000E+03 , 5.0000000E+01 , 2.0000000E+01 , 0.0000000E+00 , P
       348 , -3.180019081E+19 , +0.000000000E+00 , +0.000000000E+00 , 1.0000000E+03 , 5.0000000E+01 , 2.0000000E+01 , 0.0000000E+00 , P
       349 , -3.180017491E+19 , +0.000000000E+00 , +0.000000000E+00 , 1.0000000E+03 , 5.0000000E+01 , 2.0000000E+01 , 0.0000000E+00 , P
       350 , -3.180015901E+19 , +0.000000000E+00 , +0.000000000E+00 , 1.0000000E+03 , 5.0000000E+01 , 2.0000000E+01 , 0.0000000E+00 , P
       351 , -3.180014311E+19 , +0.000000000E+00 , +0.000000000E+00 , 1.0000000E+03 , 5.0000000E+01 , 2.0000000E+01 , 0.0000000E+00 , P
       352 , -3.180012721E+19 , +0.000000000E+00 , +0.000000000E+00 , 1.0000000E+03 , 5.0000000E+01 , 2.0000000E+01 , 0.0000000E+00 , P
       353 , -3.180011131E+19 , +0.000000000E+00 , +0.000000000E+00 , 1.0000000E+03 , 5.0000000E+01 , 2.0000000E+01 , 0.0000000E+00 , P
       354 , -3.180009540E+19 , +0.000000000E+00 , +0.000000000E+00 , 1.0000000E+03 , 5.0000000E+01 , 2.0000000E+01 , 0.0000000E+00 , P
       355 , -3.180007950E+19 , +0.000000000E+00 , +0.000000000E+00 , 1.0000000E+03 , 5.0000000E+01 , 2.0000000E+01 , 0.0000000E+00 , P
       356 , -3.180006360E+19 , +0.000000000E+00 , +0.000000000E+00 , 1.0000000E+03 , 5.0000000E+01 , 2.0000000E+01 , 0.0000000E+00 , P
       357 , -3.180004770E+19 , +0.000000000E+00 , +0.000000000E+00 , 1.0000000E+03 , 5.0000000E+01 , 2.0000000E+01 , 0.0000000E+00 , P
       358 , -3.180003180E+19 , +0.000000000E+00 , +0.000000000E+00 , 1.0000000E+03 , 5.0000000E+01 , 2.0000000E+01 , 0.0000000E+00 , P
       359 , -3.180001590E+19 , +0.000000000E+00 , +0.000000000E+00 , 1.0000000E+03 , 5.0000000E+01 , 2.0000000E+01 , 0.0000000E+00 , P
       360 , -3.180000000E+19 , +0.000000000E+00 , +0.000000000E+00 , 1.0000000E+03 , 5.0000000E+01 , 2.0000000E+01 , 0.0000000E+00 , P
       361 , -3.179998410E+19 , +0.000000000E+00 , +0.000000000E+00 , 1.0000000E+03 , 5.0000000E+01 , 2.0000000E+01 , 0.0000000E+00 , P
       362 , -3.179996820E+19 , +0.000000000E+00 , +0.000000000E+00 , 1.0000000E+03 , 5.0000000E+01 , 2.0000000E+01 , 0.0000000E+00 , P
       363 , -3.179980919E+19 , +0.000000000E+00 , +0.000000000E+00 , 1.0000000E+03 , 5.0000000E+01 , 2.0000000E+01 , 0.0000000E+00 , P
       364 , -3.179965018E+19 , +0.000000000E+00 , +0.000000000E+00 , 1.0000000E+03 , 5.0000000E+01 , 2.0000000E+01 , 0.0000000E+00 , P
       365 , -3.179949118E+19 , +0.000000000E+00 , +0.000000000E+00 , 1.0000000E+03 , 5.0000000E+01 , 2.0000000E+01 , 0.0000000E+00 , P
       366 , -3.179933217E+19 , +0.000000000E+00 , +0.000000000E+00 , 1.0000000E+03 , 5.0000000E+01 , 2.0000000E+01 , 0.0000000E+00 , P
       367 , -3.179917316E+19 , +0.000000000E+00 , +0.000000000E+00 , 1.0000000E+03 , 5.0000000E+01 , 2.0000000E+01 , 0.0000000E+00 , P
       368 , -3.179901415E+19 , +0.000000000E+00 , +0.000000000E+00 , 1.0000000E+03 , 5.0000000E+01 , 2.0000000E+01 , 0.0000000E+00 , P
       369 , -3.179885514E+19 , +0.000000000E+00 , +0.000000000E+00 , 1.0000000E+03 , 5.0000000E+01 , 2.0000000E+01 , 0.0000000E+00 , P
       370 , -3.179869614E+19 , +0.000000000E+00 , +0.000000000E+00 , 1.0000000E+03 , 5.0000000E+01 , 2.0000000E+01 , 0.0000000E+00 , P
       371 , -3.179853713E+19 , +0.000000000E+00 , +0.000000000E+00 , 1.0000000E+03 , 5.0000000E+01 , 2.0000000E+01 , 0.0000000E+00 , P
       372 , -3.179837812E+19 , +0.000000000E+00 , +0.000000000E+00 , 1.0000000E+03 , 5.0000000E+01 , 2.0000000E+01 , 0.0000000E+00 , P
       373 , -3.179821911E+19 , +0.000000000E+00 , +0.000000000E+00 , 1.0000000E+03 , 5.0000000E+01 , 2.0000000E+01 , 0.0000000E+00 , P
       374 , -3.179806010E+19 , +0.000000000E+00 , +0.000000000E+00 , 1.0000000E+03 , 5.0000000E+01 , 2.0000000E+01 , 0.0000000E+00 , P
       375 , -3.179790110E+19 , +0.000000000E+00 , +0.000000000E+00 , 1.0000000E+03 , 5.0000000E+01 , 2.0000000E+01 , 0.0000000E+00 , P
       376 , -3.179774209E+19 , +0.000000000E+00 , +0.000000000E+00 , 1.0000000E+03 , 5.0000000E+01 , 2.0000000E+01 , 0.0000000E+00 , P
       377 , -3.179758308E+19 , +0.000000000E+00 , +0.000000000E+00 , 1.0000000E+03 , 5.0000000E+01 , 2.0000000E+01 , 0.0000000E+00 , P
       378 , -3.179742407E+19 , +0.000000000E+00 , +0.000000000E+00 , 1.0000000E+03 , 5.0000000E+01 , 2.0000000E+01 , 0.0000000E+00 , P
       379 , -3.179726507E+19 , +0.000000000E+00 , +0.000000000E+00 , 1.0000000E+03 , 5.0000000E+01 , 2.0000000E+01 , 0.0000000E+00 , P
       380 , -3.179710606E+19 , +0.000000000E+00 , +0.000000000E+00 , 1.0000000E+03 , 5.0000000E+01 , 2.0000000E+01 , 0.0000000E+00 , P
       381 , -3.179694705E+19 , +0.000000000E+00 , +0.000000000E+00 , 1.0000000E+03 , 5.0000000E+01 , 2.0000000E+01 , 0.0000000E+00 , P
       382 , -3.179678804E+19 , +0.000000000E+00 , +0.000000000E+00 , 1.0000000E+03 , 5.0000000E+01 , 2.0000000E+01 , 0.0000000E+00 , P
       383 , -3.179662903E+19 , +0.000000000E+00 , +0.000000000E+00 , 1.0000000E+03 , 5.0000000E+01 , 2.0000000E+01 , 0.0000000E+00 , P
       384 , -3.179647003E+19 , +0.000000000E+00 , +0.000000000E+00 , 1.0000000E+03 , 5.0000000E+01 , 2.0000000E+01 , 0.0000000E+00 , P
       385 , -3.179631102E+19 , +0.000000000E+00 , +0.000000000E+00 , 1.0000000E+03 , 5.0000000E+01 , 2.0000000E+01 , 0.0000000E+00 , P
       386 , -3.179615201E+19 , +0.000000000E+00 , +0.000000000E+00 , 1.0000000E+03 , 5.0000000E+01 , 2.0000000E+01 , 0.0000000E+00 , P
       387 , -3.179599300E+19 , +0.000000000E+00 , +0.000000000E+00 , 1.0000000E+03 , 5.0000000E+01 , 2.0000000E+01 , 0.0000000E+00 , P
       388 , -3.179583400E+19 , +0.000000000E+00 , +0.000000000E+00 , 1.0000000E+03 , 5.0000000E+01 , 2.0000000E+01 , 0.0000000E+00 , P
       389 , -3.179567499E+19 , +0.000000000E+00 , +0.000000000E+00 , 1.0000000E+03 , 5.0000000E+01 , 2.0000000E+01 , 0.0000000E+00 , P
       390 , -3.179551598E+19 , +0.000000000E+00 , +0.000000000E+00 , 1.0000000E+03 , 5.0000000E+01 , 2.0000000E+01 , 0.0000000E+00 , P
       391 , -3.179535697E+19 , +0.000000000E+00 , +0.000000000E+00 , 1.0000000E+03 , 5.0000000E+01 , 2.0000000E+01 , 0.0000000E+00 , P
       392 , -3.179519796E+19 , +0.000000000E+00 , +0.000000000E+00 , 1.0000000E+03 , 5.0000000E+01 , 2.0000000E+01 , 0.0000000E+00 , P
       393 , -3.179503896E+19 , +0.000000000E+00 , +0.000000000E+00 , 1.0000000E+03 , 5.0000000E+01 , 2.0000000E+01 , 0.0000000E+00 , P
       394 , -3.179487995E+19 , +0.000000000E+00 , +0.000000000E+00 , 1.0000000E+03 , 5.0000000E+01 , 2.0000000E+01 , 0.0000000E+00 , P
       395 , -3.179472094E+19 , +0.000000000E+00 , +0.000000000E+00 , 1.0000000E+03 , 5.0000000E+01 , 2.0000000E+01 , 0.0000000E+00 , P
       396 , -3.179456193E+19 , +0.000000000E+00 , +0.000000000E+00 , 1.0000000E+03 , 5.0000000E+01 , 2.0000000E+01 , 0.0000000E+00 , P
       397 , -3.179440293E+19 , +0.000000000E+00 , +0.000000000E+00 , 1.0000000E+03 , 5.0000000E+01 , 2.0000000E+01 , 0.0000000E+00 , P
       398 , -3.179424392E+19 , +0.000000000E+00 , +0.000000000E+00 , 1.0000000E+03 , 5.0000000E+01 , 2.0000000E+01 , 0.0000000E+00 , P
       399 , -3.179408491E+19 , +0.000000000E+00 , +0.000000000E+00 , 1.0000000E+03 , 5.0000000E+01 , 2.0000000E+01 , 0.0000000E+00 , P
       400 , -3.179392590E+19 , +0.000000000E+00 , +0.000000000E+00 , 1.0000000E+03 , 5.0000000E+01 , 2.0000000E+01 , 0.0000000E+00 , P
       401 , -3.179376689E+19 , +0.000000000E+00 , +0.000000000E+00 , 1.0000000E+03 , 5.0000000E+01 , 2.0000000E+01 , 0.0000000E+00 , P
       402 , -3.179360789E+19 , +0.000000000E+00 , +0.000000000E+00 , 1.0000000E+03 , 5.0000000E+01 , 2.0000000E+01 , 0.0000000E+00 , P
       403 , -3.179344888E+19 , +0.000000000E+00 , +0.000000000E+00 , 1.0000000E+03 , 5.0000000E+01 , 2.0000000E+01 , 0.0000000E+00 , P
       404 , -3.179328987E+19 , +0.000000000E+00 , +0.000000000E+00 , 1.0000000E+03 , 5.0000000E+01 , 2.0000000E+01 , 0.0000000E+00 , P
       405 , -3.179313086E+19 , +0.000000000E+00 , +0.000000000E+00 , 1.0000000E+03 , 5.0000000E+01 , 2.0000000E+01 , 0.0000000E+00 , P
       406 , -3.179297186E+19 , +0.000000000E+00 , +0.000000000E+00 , 1.0000000E+03 , 5.0000000E+01 , 2.0000000E+01 , 0.0000000E+00 , P
       407 , -3.179281285E+19 , +0.000000000E+00 , +0.000000000E+00 , 1.0000000E+03 , 5.0000000E+01 , 2.0000000E+01 , 0.0000000E+00 , P
       408 , -3.179265384E+19 , +0.000000000E+00 , +0.000000000E+00 , 1.0000000E+03 , 5.0000000E+01 , 2.0000000E+01 , 0.0000000E+00 , P
       409 , -3.179249483E+19 , +0.000000000E+00 , +0.000000000E+00 , 1.0000000E+03 , 5.0000000E+01 , 2.0000000E+01 , 0.0000000E+00 , P
       410 , -3.179233582E+19 , +0.000000000E+00 , +0.000000000E+00 , 1.0000000E+03 , 5.0000000E+01 , 2.0000000E+01 , 0.0000000E+00 , P
       411 , -3.179217682E+19 , +0.000000000E+00 , +0.000000000E+00 , 1.0000000E+03 , 5.0000000E+01 , 2.0000000E+01 , 0.0000000E+00 , P
       412 , -3.179201781E+19 , +0.000000000E+00 , +0.000000000E+00 , 1.0000000E+03 , 5.0000000E+01 , 2.0000000E+01 , 0.0000000E+00 , P
       413 , -3.179185880E+19 , +0.000000000E+00 , +0.000000000E+00 , 1.0000000E+03 , 5.0000000E+01 , 2.0000000E+01 , 0.0000000E+00 , P
       414 , -3.179169979E+19 , +0.000000000E+00 , +0.000000000E+00 , 1.0000000E+03 , 5.0000000E+01 , 2.0000000E+01 , 0.0000000E+00 , P
       415 , -3.179154079E+19 , +0.000000000E+00 , +0.000000000E+00 , 1.0000000E+03 , 5.0000000E+01 , 2.0000000E+01 , 0.0000000E+00 , P
       416 , -3.179138178E+19 , +0.000000000E+00 , +0.000000000E+00 , 1.0000000E+03 , 5.0000000E+01 , 2.0000000E+01 , 0.0000000E+00 , P
       417 , -3.179122277E+19 , +0.000000000E+00 , +0.000000000E+00 , 1.0000000E+03 , 5.0000000E+01 , 2.0000000E+01 , 0.0000000E+00 , P
       418 , -3.179106376E+19 , +0.000000000E+00 , +0.000000000E+00 , 1.0000000E+03 , 5.0000000E+01 , 2.0000000E+01 , 0.0000000E+00 , P
       419 , -3.179090475E+19 , +0.000000000E+00 , +0.000000000E+00 , 1.0000000E+03 , 5.0000000E+01 , 2.0000000E+01 , 0.0000000E+00 , P
       420 , -3.179074575E+19 , +0.000000000E+00 , +0.000000000E+00 , 1.0000000E+03 , 5.0000000E+01 , 2.0000000E+01 , 0.0000000E+00 , P
       421 , -3.179058674E+19 , +0.000000000E+00 , +0.000000000E+00 , 1.0000000E+03 , 5.0000000E+01 , 2.0000000E+01 , 0.0000000E+00 , P
       422 , -3.179042773E+19 , +0.000000000E+00 , +0.000000000E+00 , 1.0000000E+03 , 5.0000000E+01 , 2.0000000E+01 , 0.0000000E+00 , P
       423 , -3.179026872E+19 , +0.000000000E+00 , +0.000000000E+00 , 1.0000000E+03 , 5.0000000E+01 , 2.0000000E+01 , 0.0000000E+00 , P
       424 , -3.179010972E+19 , +0.000000000E+00 , +0.000000000E+00 , 1.0000000E+03 , 5.0000000E+01 , 2.0000000E+01 , 0.0000000E+00 , P
       425 , -3.178995071E+19 , +0.000000000E+00 , +0.000000000E+00 , 1.0000000E+03 , 5.0000000E+01 , 2.0000000E+01 , 0.0000000E+00 , P
       426 , -3.178979170E+19 , +0.000000000E+00 , +0.000000000E+00 , 1.0000000E+03 , 5.0000000E+01 , 2.0000000E+01 , 0.0000000E+00 , P
       427 , -3.178963269E+19 , +0.000000000E+00 , +0.000000000E+00 , 1.0000000E+03 , 5.0000000E+01 , 2.0000000E+01 , 0.0000000E+00 , P
       428 , -3.178947368E+19 , +0.000000000E+00 , +0.000000000E+00 , 1.0000000E+03 , 5.0000000E+01 , 2.0000000E+01 , 0.0000000E+00 , P
       429 , -3.178931468E+19 , +0.000000000E+00 , +0.000000000E+00 , 1.0000000E+03 , 5.0000000E+01 , 2.0000000E+01 , 0.0000000E+00 , P
       430 , -3.178915567E+19 , +0.000000000E+00 , +0.000000000E+00 , 1.0000000E+03 , 5.0000000E+01 , 2.0000000E+01 , 0.0000000E+00 , P
       431 , -3.178899666E+19 , +0.000000000E+00 , +0.000000000E+00 , 1.0000000E+03 , 5.0000000E+01 , 2.0000000E+01 , 0.0000000E+00 , P
       432 , -3.178883765E+19 , +0.000000000E+00 , +0.000000000E+00 , 1.0000000E+03 , 5.0000000E+01 , 2.0000000E+01 , 0.0000000E+00 , P
       433 , -3.178867865E+19 , +0.000000000E+00 , +0.000000000E+00 , 1.0000000E+03 , 5.0000000E+01 , 2.0000000E+01 , 0.0000000E+00 , P
       434 , -3.178851964E+19 , +0.000000000E+00 , +0.000000000E+00 , 1.0000000E+03 , 5.0000000E+01 , 2.0000000E+01 , 0.0000000E+00 , P
       435 , -3.178836063E+19 , +0.000000000E+00 , +0.000000000E+00 , 1.0000000E+03 , 5.0000000E+01 , 2.0000000E+01 , 0.0000000E+00 , P
       436 , -3.178820162E+19 , +0.000000000E+00 , +0.000000000E+00 , 1.0000000E+03 , 5.0000000E+01 , 2.0000000E+01 , 0.0000000E+00 , P
       437 , -3.178804261E+19 , +0.000000000E+00 , +0.000000000E+00 , 1.0000000E+03 , 5.0000000E+01 , 2.0000000E+01 , 0.0000000E+00 , P
       438 , -3.178788361E+19 , +0.000000000E+00 , +0.000000000E+00 , 1.0000000E+03 , 5.0000000E+01 , 2.0000000E+01 , 0.0000000E+00 , P
       439 , -3.178772460E+19 , +0.000000000E+00 , +0.000000000E+00 , 1.0000000E+03 , 5.0000000E+01 , 2.0000000E+01 , 0.0000000E+00 , P
       440 , -3.178756559E+19 , +0.000000000E+00 , +0.000000000E+00 , 1.0000000E+03 , 5.0000000E+01 , 2.0000000E+01 , 0.0000000E+00 , P
       441 , -3.178740658E+19 , +0.000000000E+00 , +0.000000000E+00 , 1.0000000E+03 , 5.0000000E+01 , 2.0000000E+01 , 0.0000000E+00 , P
       442 , -3.178724758E+19 , +0.000000000E+00 , +0.000000000E+00 , 1.0000000E+03 , 5.0000000E+01 , 2.0000000E+01 , 0.0000000E+00 , P
       443 , -3.178708857E+19 , +0.000000000E+00 , +0.000000000E+00 , 1.0000000E+03 , 5.0000000E+01 , 2.0000000E+01 , 0.0000000E+00 , P
       444 , -3.178692956E+19 , +0.000000000E+00 , +0.000000000E+00 , 1.0000000E+03 , 5.0000000E+01 , 2.0000000E+01 , 0.0000000E+00 , P
       445 , -3.178677055E+19 , +0.000000000E+00 , +0.000000000E+00 , 1.0000000E+03 , 5.0000000E+01 , 2.0000000E+01 , 0.0000000E+00 , P
       446 , -3.178661154E+19 , +0.000000000E+00 , +0.000000000E+00 , 1.0000000E+03 , 5.0000000E+01 , 2.0000000E+01 , 0.0000000E+00 , P
       447 , -3.178645254E+19 , +0.000000000E+00 , +0.000000000E+00 , 1.0000000E+03 , 5.0000000E+01 , 2.0000000E+01 , 0.0000000E+00 , P
       448 , -3.178629353E+19 , +0.000000000E+00 , +0.000000000E+00 , 1.0000000E+03 , 5.0000000E+01 , 2.0000000E+01 , 0.0000000E+00 , P
       449 , -3.178613452E+19 , +0.000000000E+00 , +0.000000000E+00 , 1.0000000E+03 , 5.0000000E+01 , 2.0000000E+01 , 0.0000000E+00 , P
       450 , -3.178597551E+19 , +0.000000000E+00 , +0.000000000E+00 , 1.0000000E+03 , 5.0000000E+01 , 2.0000000E+01 , 0.0000000E+00 , P
       451 , -3.178581651E+19 , +0.000000000E+00 , +0.000000000E+00 , 1.0000000E+03 , 5.0000000E+01 , 2.0000000E+01 , 0.0000000E+00 , P
       452 , -3.178565750E+19 , +0.000000000E+00 , +0.000000000E+00 , 1.0000000E+03 , 5.0000000E+01 , 2.0000000E+01 , 0.0000000E+00 , P
       453 , -3.178406742E+19 , +0.000000000E+00 , +0.000000000E+00 , 1.0000000E+03 , 5.0000000E+01 , 2.0000000E+01 , 0.0000000E+00 , P
       454 , -3.178247734E+19 , +0.000000000E+00 , +0.000000000E+00 , 1.0000000E+03 , 5.0000000E+01 , 2.0000000E+01 , 0.0000000E+00 , P
       455 , -3.178088726E+19 , +0.000000000E+00 , +0.000000000E+00 , 1.0000000E+03 , 5.0000000E+01 , 2.0000000E+01 , 0.0000000E+00 , P
       456 , -3.177929719E+19 , +0.000000000E+00 , +0.000000000E+00 , 1.0000000E+03 , 5.0000000E+01 , 2.0000000E+01 , 0.0000000E+00 , P
       457 , -3.177770711E+19 , +0.000000000E+00 , +0.000000000E+00 , 1.0000000E+03 , 5.0000000E+01 , 2.0000000E+01 , 0.0000000E+00 , P
       458 , -3.177611703E+19 , +0.000000000E+00 , +0.000000000E+00 , 1.0000000E+03 , 5.0000000E+01 , 2.0000000E+01 , 0.0000000E+00 , P
       459 , -3.177452695E+19 , +0.000000000E+00 , +0.000000000E+00 , 1.0000000E+03 , 5.0000000E+01 , 2.0000000E+01 , 0.0000000E+00 , P
       460 , -3.177293687E+19 , +0.000000000E+00 , +0.000000000E+00 , 1.0000000E+03 , 5.0000000E+01 , 2.0000000E+01 , 0.0000000E+00 , P
       461 , -3.177134680E+19 , +0.000000000E+00 , +0.000000000E+00 , 1.0000000E+03 , 5.0000000E+01 , 2.0000000E+01 , 0.0000000E+00 , P
       462 , -3.176975672E+19 , +0.000000000E+00 , +0.000000000E+00 , 1.0000000E+03 , 5.0000000E+01 , 2.0000000E+01 , 0.0000000E+00 , P
       463 , -3.176816664E+19 , +0.000000000E+00 , +0.000000000E+00 , 1.0000000E+03 , 5.0000000E+01 , 2.0000000E+01 , 0.0000000E+00 , P
       464 , -3.176657656E+19 , +0.000000000E+00 , +0.000000000E+00 , 1.0000000E+03 , 5.0000000E+01 , 2.0000000E+01 , 0.0000000E+00 , P
       465 , -3.176498648E+19 , +0.000000000E+00 , +0.000000000E+00 , 1.0000000E+03 , 5.0000000E+01 , 2.0000000E+01 , 0.0000000E+00 , P
       466 , -3.176339641E+19 , +0.000000000E+00 , +0.000000000E+00 , 1.0000000E+03 , 5.0000000E+01 , 2.0000000E+01 , 0.0000000E+00 , P
       467 , -3.176180633E+19 , +0.000000000E+00 , +0.000000000E+00 , 1.0000000E+03 , 5.0000000E+01 , 2.0000000E+01 , 0.0000000E+00 , P
       468 , -3.176021625E+19 , +0.000000000E+00 , +0.000000000E+00 , 1.0000000E+03 , 5.0000000E+01 , 2.0000000E+01 , 0.0000000E+00 , P
       469 , -3.175862617E+19 , +0.000000000E+00 , +0.000000000E+00 , 1.0000000E+03 , 5.0000000E+01 , 2.0000000E+01 , 0.0000000E+00 , P
       470 , -3.175703609E+19 , +0.000000000E+00 , +0.000000000E+00 , 1.0000000E+03 , 5.0000000E+01 , 2.0000000E+01 , 0.0000000E+00 , P
       471 , -3.175544602E+19 , +0.000000000E+00 , +0.000000000E+00 , 1.0000000E+03 , 5.0000000E+01 , 2.0000000E+01 , 0.0000000E+00 , P
       472 , -3.175385594E+19 , +0.000000000E+00 , +0.000000000E+00 , 1.0000000E+03 , 5.0000000E+01 , 2.0000000E+01 , 0.0000000E+00 , P
       473 , -3.175226586E+19 , +0.000000000E+00 , +0.000000000E+00 , 1.0000000E+03 , 5.0000000E+01 , 2.0000000E+01 , 0.0000000E+00 , P
       474 , -3.175067578E+19 , +0.000000000E+00 , +0.000000000E+00 , 1.0000000E+03 , 5.0000000E+01 , 2.0000000E+01 , 0.0000000E+00 , P
       475 , -3.174908571E+19 , +0.000000000E+00 , +0.000000000E+00 , 1.0000000E+03 , 5.0000000E+01 , 2.0000000E+01 , 0.0000000E+00 , P
       476 , -3.174749563E+19 , +0.000000000E+00 , +0.000000000E+00 , 1.0000000E+03 , 5.0000000E+01 , 2.0000000E+01 , 0.0000000E+00 , P
       477 , -3.174590555E+19 , +0.000000000E+00 , +0.000000000E+00 , 1.0000000E+03 , 5.0000000E+01 , 2.0000000E+01 , 0.0000000E+00 , P
       478 , -3.174431547E+19 , +0.000000000E+00 , +0.000000000E+00 , 1.0000000E+03 , 5.0000000E+01 , 2.0000000E+01 , 0.0000000E+00 , P
       479 , -3.174272539E+19 , +0.000000000E+00 , +0.000000000E+00 , 1.0000000E+03 , 5.0000000E+01 , 2.0000000E+01 , 0.0000000E+00 , P
       480 , -3.174113532E+19 , +0.000000000E+00 , +0.000000000E+00 , 1.0000000E+03 , 5.0000000E+01 , 2.0000000E+01 , 0.0000000E+00 , P
       481 , -3.173954524E+19 , +0.000000000E+00 , +0.000000000E+00 , 1.0000000E+03 , 5.0000000E+01 , 2.0000000E+01 , 0.0000000E+00 , P
       482 , -3.173795516E+19 , +0.000000000E+00 , +0.000000000E+00 , 1.0000000E+03 , 5.0000000E+01 , 2.0000000E+01 , 0.0000000E+00 , P
       483 , -3.173636508E+19 , +0.000000000E+00 , +0.000000000E+00 , 1.0000000E+03 , 5.0000000E+01 , 2.0000000E+01 , 0.0000000E+00 , P
       484 , -3.173477500E+19 , +0.000000000E+00 , +0.000000000E+00 , 1.0000000E+03 , 5.0000000E+01 , 2.0000000E+01 , 0.0000000E+00 , P
       485 , -3.173318493E+19 , +0.000000000E+00 , +0.000000000E+00 , 1.0000000E+03 , 5.0000000E+01 , 2.0000000E+01 , 0.0000000E+00 , P
       486 , -3.173159485E+19 , +0.000000000E+00 , +0.000000000E+00 , 1.0000000E+03 , 5.0000000E+01 , 2.0000000E+01 , 0.0000000E+00 , P
       487 , -3.173000477E+19 , +0.000000000E+00 , +0.000000000E+00 , 1.0000000E+03 , 5.0000000E+01 , 2.0000000E+01 , 0.0000000E+00 , P
       488 , -3.172841469E+19 , +0.000000000E+00 , +0.000000000E+00 , 1.0000000E+03 , 5.0000000E+01 , 2.0000000E+01 , 0.0000000E+00 , P
       489 , -3.172682461E+19 , +0.000000000E+00 , +0.000000000E+00 , 1.0000000E+03 , 5.0000000E+01 , 2.0000000E+01 , 0.0000000E+00 , P
       490 , -3.172523454E+19 , +0.000000000E+00 , +0.000000000E+00 , 1.0000000E+03 , 5.0000000E+01 , 2.0000000E+01 , 0.0000000E+00 , P
       491 , -3.172364446E+19 , +0.000000000E+00 , +0.000000000E+00 , 1.0000000E+03 , 5.0000000E+01 , 2.0000000E+01 , 0.0000000E+00 , P
       492 , -3.172205438E+19 , +0.000000000E+00 , +0.000000000E+00 , 1.0000000E+03 , 5.0000000E+01 , 2.0000000E+01 , 0.0000000E+00 , P
       493 , -3.172046430E+19 , +0.000000000E+00 , +0.000000000E+00 , 1.0000000E+03 , 5.0000000E+01 , 2.0000000E+01 , 0.0000000E+00 , P
       494 , -3.171887422E+19 , +0.000000000E+00 , +0.000000000E+00 , 1.0000000E+03 , 5.0000000E+01 , 2.0000000E+01 , 0.0000000E+00 , P
       495 , -3.171728415E+19 , +0.000000000E+00 , +0.000000000E+00 , 1.0000000E+03 , 5.0000000E+01 , 2.0000000E+01 , 0.0000000E+00 , P
       496 , -3.171569407E+19 , +0.000000000E+00 , +0.000000000E+00 , 1.0000000E+03 , 5.0000000E+01 , 2.0000000E+01 , 0.0000000E+00 , P
       497 , -3.171410399E+19 , +0.000000000E+00 , +0.000000000E+00 , 1.0000000E+03 , 5.0000000E+01 , 2.0000000E+01 , 0.0000000E+00 , P
       498 , -3.171251391E+19 , +0.000000000E+00 , +0.000000000E+00 , 1.0000000E+03 , 5.0000000E+01 , 2.0000000E+01 , 0.0000000E+00 , P
       499 , -3.171092384E+19 , +0.000000000E+00 , +0.000000000E+00 , 1.0000000E+03 , 5.0000000E+01 , 2.0000000E+01 , 0.0000000E+00 , P
       500 , -3.170933376E+19 , +0.000000000E+00 , +0.000000000E+00 , 1.0000000E+03 , 5.0000000E+01 , 2.0000000E+01 , 0.0000000E+00 , P
       501 , -3.170774368E+19 , +0.000000000E+00 , +0.000000000E+00 , 1.0000000E+03 , 5.0000000E+01 , 2.0000000E+01 , 0.0000000E+00 , P
       502 , -3.170615360E+19 , +0.000000000E+00 , +0.000000000E+00 , 1.0000000E+03 , 5.0000000E+01 , 2.0000000E+01 , 0.0000000E+00 , P
       503 , -3.170456352E+19 , +0.000000000E+00 , +0.000000000E+00 , 1.0000000E+03 , 5.0000000E+01 , 2.0000000E+01 , 0.0000000E+00 , P
       504 , -3.170297345E+19 , +0.000000000E+00 , +0.000000000E+00 , 1.0000000E+03 , 5.0000000E+01 , 2.0000000E+01 , 0.0000000E+00 , P
       505 , -3.170138337E+19 , +0.000000000E+00 , +0.000000000E+00 , 1.0000000E+03 , 5.0000000E+01 , 2.0000000E+01 , 0.0000000E+00 , P
       506 , -3.169979329E+19 , +0.000000000E+00 , +0.000000000E+00 , 1.0000000E+03 , 5.0000000E+01 , 2.0000000E+01 , 0.0000000E+00 , P
       507 , -3.169820321E+19 , +0.000000000E+00 , +0.000000000E+00 , 1.0000000E+03 , 5.0000000E+01 , 2.0000000E+01 , 0.0000000E+00 , P
       508 , -3.169661313E+19 , +0.000000000E+00 , +0.000000000E+00 , 1.0000000E+03 , 5.0000000E+01 , 2.0000000E+01 , 0.0000000E+00 , P
       509 , -3.169502306E+19 , +0.000000000E+00 , +0.000000000E+00 , 1.0000000E+03 , 5.0000000E+01 , 2.0000000E+01 , 0.0000000E+00 , P
       510 , -3.169343298E+19 , +0.000000000E+00 , +0.000000000E+00 , 1.0000000E+03 , 5.0000000E+01 , 2.0000000E+01 , 0.0000000E+00 , P
       511 , -3.169184290E+19 , +0.000000000E+00 , +0.000000000E+00 , 1.0000000E+03 , 5.0000000E+01 , 2.0000000E+01 , 0.0000000E+00 , P
       512 , -3.169025282E+19 , +0.000000000E+00 , +0.000000000E+00 , 1.0000000E+03 , 5.0000000E+01 , 2.0000000E+01 , 0.0000000E+00 , P
       513 , -3.168866274E+19 , +0.000000000E+00 , +0.000000000E+00 , 1.0000000E+03 , 5.0000000E+01 , 2.0000000E+01 , 0.0000000E+00 , P
       514 , -3.168707267E+19 , +0.000000000E+00 , +0.000000000E+00 , 1.0000000E+03 , 5.0000000E+01 , 2.0000000E+01 , 0.0000000E+00 , P
       515 , -3.168548259E+19 , +0.000000000E+00 , +0.000000000E+00 , 1.0000000E+03 , 5.0000000E+01 , 2.0000000E+01 , 0.0000000E+00 , P
       516 , -3.168389251E+19 , +0.000000000E+00 , +0.000000000E+00 , 1.0000000E+03 , 5.0000000E+01 , 2.0000000E+01 , 0.0000000E+00 , P
       517 , -3.168230243E+19 , +0.000000000E+00 , +0.000000000E+00 , 1.0000000E+03 , 5.0000000E+01 , 2.0000000E+01 , 0.0000000E+00 , P
       518 , -3.168071235E+19 , +0.000000000E+00 , +0.000000000E+00 , 1.0000000E+03 , 5.0000000E+01 , 2.0000000E+01 , 0.0000000E+00 , P
       519 , -3.167912228E+19 , +0.000000000E+00 , +0.000000000E+00 , 1.0000000E+03 , 5.0000000E+01 , 2.0000000E+01 , 0.0000000E+00 , P
       520 , -3.167753220E+19 , +0.000000000E+00 , +0.000000000E+00 , 1.0000000E+03 , 5.0000000E+01 , 2.0000000E+01 , 0.0000000E+00 , P
       521 , -3.167594212E+19 , +0.000000000E+00 , +0.000000000E+00 , 1.0000000E+03 , 5.0000000E+01 , 2.0000000E+01 , 0.0000000E+00 , P
       522 , -3.167435204E+19 , +0.000000000E+00 , +0.000000000E+00 , 1.0000000E+03 , 5.0000000E+01 , 2.0000000E+01 , 0.0000000E+00 , P
       523 , -3.167276197E+19 , +0.000000000E+00 , +0.000000000E+00 , 1.0000000E+03 , 5.0000000E+01 , 2.0000000E+01 , 0.0000000E+00 , P
       524 , -3.167117189E+19 , +0.000000000E+00 , +0.000000000E+00 , 1.0000000E+03 , 5.0000000E+01 , 2.0000000E+01 , 0.0000000E+00 , P
       525 , -3.166958181E+19 , +0.000000000E+00 , +0.000000000E+00 , 1.0000000E+03 , 5.0000000E+01 , 2.0000000E+01 , 0.0000000E+00 , P
       526 , -3.166799173E+19 , +0.000000000E+00 , +0.000000000E+00 , 1.0000000E+03 , 5.0000000E+01 , 2.0000000E+01 , 0.0000000E+00 , P
       527 , -3.166640165E+19 , +0.000000000E+00 , +0.000000000E+00 , 1.0000000E+03 , 5.0000000E+01 , 2.0000000E+01 , 0.0000000E+00 , P
       528 , -3.166481158E+19 , +0.000000000E+00 , +0.000000000E+00 , 1.0000000E+03 , 5.0000000E+01 , 2.0000000E+01 , 0.0000000E+00 , P
       529 , -3.166322150E+19 , +0.000000000E+00 , +0.000000000E+00 , 1.0000000E+03 , 5.0000000E+01 , 2.0000000E+01 , 0.0000000E+00 , P
       530 , -3.166163142E+19 , +0.000000000E+00 , +0.000000000E+00 , 1.0000000E+03 , 5.0000000E+01 , 2.0000000E+01 , 0.0000000E+00 , P
       531 , -3.166004134E+19 , +0.000000000E+00 , +0.000000000E+00 , 1.0000000E+03 , 5.0000000E+01 , 2.0000000E+01 , 0.0000000E+00 , P
       532 , -3.165845126E+19 , +0.000000000E+00 , +0.000000000E+00 , 1.0000000E+03 , 5.0000000E+01 , 2.0000000E+01 , 0.0000000E+00 , P
       533 , -3.165686119E+19 , +0.000000000E+00 , +0.000000000E+00 , 1.0000000E+03 , 5.0000000E+01 , 2.0000000E+01 , 0.0000000E+00 , P
       534 , -3.165527111E+19 , +0.000000000E+00 , +0.000000000E+00 , 1.0000000E+03 , 5.0000000E+01 , 2.0000000E+01 , 0.0000000E+00 , P
       535 , -3.165368103E+19 , +0.000000000E+00 , +0.000000000E+00 , 1.0000000E+03 , 5.0000000E+01 , 2.0000000E+01 , 0.0000000E+00 , P
       536 , -3.165209095E+19 , +0.000000000E+00 , +0.000000000E+00 , 1.0000000E+03 , 5.0000000E+01 , 2.0000000E+01 , 0.0000000E+00 , P
       537 , -3.165050087E+19 , +0.000000000E+00 , +0.000000000E+00 , 1.0000000E+03 , 5.0000000E+01 , 2.0000000E+01 , 0.0000000E+00 , P
       538 , -3.164891080E+19 , +0.000000000E+00 , +0.000000000E+00 , 1.0000000E+03 , 5.0000000E+01 , 2.0000000E+01 , 0.0000000E+00 , P
       539 , -3.164732072E+19 , +0.000000000E+00 , +0.000000000E+00 , 1.0000000E+03 , 5.0000000E+01 , 2.0000000E+01 , 0.0000000E+00 , P
       540 , -3.164573064E+19 , +0.000000000E+00 , +0.000000000E+00 , 1.0000000E+03 , 5.0000000E+01 , 2.0000000E+01 , 0.0000000E+00 , P
       541 , -3.164414056E+19 , +0.000000000E+00 , +0.000000000E+00 , 1.0000000E+03 , 5.0000000E+01 , 2.0000000E+01 , 0.0000000E+00 , P
       542 , -3.164255048E+19 , +0.000000000E+00 , +0.000000000E+00 , 1.0000000E+03 , 5.0000000E+01 , 2.0000000E+01 , 0.0000000E+00 , P
       543 , -3.162664971E+19 , +0.000000000E+00 , +0.000000000E+00 , 1.0000000E+03 , 5.0000000E+01 , 2.0000000E+01 , 0.0000000E+00 , P
       544 , -3.161074893E+19 , +0.000000000E+00 , +0.000000000E+00 , 1.0000000E+03 , 5.0000000E+01 , 2.0000000E+01 , 0.0000000E+00 , P
       545 , -3.159484815E+19 , +0.000000000E+00 , +0.000000000E+00 , 1.0000000E+03 , 5.0000000E+01 , 2.0000000E+01 , 0.0000000E+00 , P
       546 , -3.157894737E+19 , +0.000000000E+00 , +0.000000000E+00 , 1.0000000E+03 , 5.0000000E+01 , 2.0000000E+01 , 0.0000000E+00 , P
       547 , -3.156304659E+19 , +0.000000000E+00 , +0.000000000E+00 , 1.0000000E+03 , 5.0000000E+01 , 2.0000000E+01 , 0.0000000E+00 , P
       548 , -3.154714581E+19 , +0.000000000E+00 , +0.000000000E+00 , 1.0000000E+03 , 5.0000000E+01 , 2.0000000E+01 , 0.0000000E+00 , P
       549 , -3.153124503E+19 , +0.000000000E+00 , +0.000000000E+00 , 1.0000000E+03 , 5.0000000E+01 , 2.0000000E+01 , 0.0000000E+00 , P
       550 , -3.151534425E+19 , +0.000000000E+00 , +0.000000000E+00 , 1.0000000E+03 , 5.0000000E+01 , 2.0000000E+01 , 0.0000000E+00 , P
       551 , -3.149944347E+19 , +0.000000000E+00 , +0.000000000E+00 , 1.0000000E+03 , 5.0000000E+01 , 2.0000000E+01 , 0.0000000E+00 , P
       552 , -3.148354269E+19 , +0.000000000E+00 , +0.000000000E+00 , 1.0000000E+03 , 5.0000000E+01 , 2.0000000E+01 , 0.0000000E+00 , P
       553 , -3.146764191E+19 , +0.000000000E+00 , +0.000000000E+00 , 1.0000000E+03 , 5.0000000E+01 , 2.0000000E+01 , 0.0000000E+00 , P
       554 , -3.145174114E+19 , +0.000000000E+00 , +0.000000000E+00 , 1.0000000E+03 , 5.0000000E+01 , 2.0000000E+01 , 0.0000000E+00 , P
       555 , -3.143584036E+19 , +0.000000000E+00 , +0.000000000E+00 , 1.0000000E+03 , 5.0000000E+01 , 2.0000000E+01 , 0.0000000E+00 , P
       556 , -3.141993958E+19 , +0.000000000E+00 , +0.000000000E+00 , 1.0000000E+03 , 5.0000000E+01 , 2.0000000E+01 , 0.0000000E+00 , P
       557 , -3.140403880E+19 , +0.000000000E+00 , +0.000000000E+00 , 1.0000000E+03 , 5.0000000E+01 , 2.0000000E+01 , 0.0000000E+00 , P
       558 , -3.138813802E+19 , +0.000000000E+00 , +0.000000000E+00 , 1.0000000E+03 , 5.0000000E+01 , 2.0000000E+01 , 0.0000000E+00 , P
       559 , -3.137223724E+19 , +0.000000000E+00 , +0.000000000E+00 , 1.0000000E+03 , 5.0000000E+01 , 2.0000000E+01 , 0.0000000E+00 , P
       560 , -3.135633646E+19 , +0.000000000E+00 , +0.000000000E+00 , 1.0000000E+03 , 5.0000000E+01 , 2.0000000E+01 , 0.0000000E+00 , P
       561 , -3.134043568E+19 , +0.000000000E+00 , +0.000000000E+00 , 1.0000000E+03 , 5.0000000E+01 , 2.0000000E+01 , 0.0000000E+00 , P
       562 , -3.132453490E+19 , +0.000000000E+00 , +0.000000000E+00 , 1.0000000E+03 , 5.0000000E+01 , 2.0000000E+01 , 0.0000000E+00 , P
       563 , -3.130863412E+19 , +0.000000000E+00 , +0.000000000E+00 , 1.0000000E+03 , 5.0000000E+01 , 2.0000000E+01 , 0.0000000E+00 , P
       564 , -3.129273334E+19 , +0.000000000E+00 , +0.000000000E+00 , 1.0000000E+03 , 5.0000000E+01 , 2.0000000E+01 , 0.0000000E+00 , P
       565 , -3.127683256E+19 , +0.000000000E+00 , +0.000000000E+00 , 1.0000000E+03 , 5.0000000E+01 , 2.0000000E+01 , 0.0000000E+00 , P
       566 , -3.126093179E+19 , +0.000000000E+00 , +0.000000000E+00 , 1.0000000E+03 , 5.0000000E+01 , 2.0000000E+01 , 0.0000000E+00 , P
       567 , -3.124503101E+19 , +0.000000000E+00 , +0.000000000E+00 , 1.0000000E+03 , 5.0000000E+01 , 2.0000000E+01 , 0.0000000E+00 , P
       568 , -3.122913023E+19 , +0.000000000E+00 , +0.000000000E+00 , 1.0000000E+03 , 5.0000000E+01 , 2.0000000E+01 , 0.0000000E+00 , P
       569 , -3.121322945E+19 , +0.000000000E+00 , +0.000000000E+00 , 1.0000000E+03 , 5.0000000E+01 , 2.0000000E+01 , 0.0000000E+00 , P
       570 , -3.119732867E+19 , +0.000000000E+00 , +0.000000000E+00 , 1.0000000E+03 , 5.0000000E+01 , 2.0000000E+01 , 0.0000000E+00 , P
       571 , -3.118142789E+19 , +0.000000000E+00 , +0.000000000E+00 , 1.0000000E+03 , 5.0000000E+01 , 2.0000000E+01 , 0.0000000E+00 , P
       572 , -3.116552711E+19 , +0.000000000E+00 , +0.000000000E+00 , 1.0000000E+03 , 5.0000000E+01 , 2.0000000E+01 , 0.0000000E+00 , P
       573 , -3.114962633E+19 , +0.000000000E+00 , +0.000000000E+00 , 1.0000000E+03 , 5.0000000E+01 , 2.0000000E+01 , 0.0000000E+00 , P
       574 , -3.113372555E+19 , +0.000000000E+00 , +0.000000000E+00 , 1.0000000E+03 , 5.0000000E+01 , 2.0000000E+01 , 0.0000000E+00 , P
       575 , -3.111782477E+19 , +0.000000000E+00 , +0.000000000E+00 , 1.0000000E+03 , 5.0000000E+01 , 2.0000000E+01 , 0.0000000E+00 , P
       576 , -3.110192399E+19 , +0.000000000E+00 , +0.000000000E+00 , 1.0000000E+03 , 5.0000000E+01 , 2.0000000E+01 , 0.0000000E+00 , P
       577 , -3.108602322E+19 , +0.000000000E+00 , +0.000000000E+00 , 1.0000000E+03 , 5.0000000E+01 , 2.0000000E+01 , 0.0000000E+00 , P
       578 , -3.107012244E+19 , +0.000000000E+00 , +0.000000000E+00 , 1.0000000E+03 , 5.0000000E+01 , 2.0000000E+01 , 0.0000000E+00 , P
       579 , -3.105422166E+19 , +0.000000000E+00 , +0.000000000E+00 , 1.0000000E+03 , 5.0000000E+01 , 2.0000000E+01 , 0.0000000E+00 , P
       580 , -3.103832088E+19 , +0.000000000E+00 , +0.000000000E+00 , 1.0000000E+03 , 5.0000000E+01 , 2.0000000E+01 , 0.0000000E+00 , P
       581 , -3.102242010E+19 , +0.000000000E+00 , +0.000000000E+00 , 1.0000000E+03 , 5.0000000E+01 , 2.0000000E+01 , 0.0000000E+00 , P
       582 , -3.100651932E+19 , +0.000000000E+00 , +0.000000000E+00 , 1.0000000E+03 , 5.0000000E+01 , 2.0000000E+01 , 0.0000000E+00 , P
       583 , -3.099061854E+19 , +0.000000000E+00 , +0.000000000E+00 , 1.0000000E+03 , 5.0000000E+01 , 2.0000000E+01 , 0.0000000E+00 , P
       584 , -3.097471776E+19 , +0.000000000E+00 , +0.000000000E+00 , 1.0000000E+03 , 5.0000000E+01 , 2.0000000E+01 , 0.0000000E+00 , P
       585 , -3.095881698E+19 , +0.000000000E+00 , +0.000000000E+00 , 1.0000000E+03 , 5.0000000E+01 , 2.0000000E+01 , 0.0000000E+00 , P
       586 , -3.094291620E+19 , +0.000000000E+00 , +0.000000000E+00 , 1.0000000E+03 , 5.0000000E+01 , 2.0000000E+01 , 0.0000000E+00 , P
       587 , -3.092701542E+19 , +0.000000000E+00 , +0.000000000E+00 , 1.0000000E+03 , 5.0000000E+01 , 2.0000000E+01 , 0.0000000E+00 , P
       588 , -3.091111464E+19 , +0.000000000E+00 , +0.000000000E+00 , 1.0000000E+03 , 5.0000000E+01 , 2.0000000E+01 , 0.0000000E+00 , P
       589 , -3.089521387E+19 , +0.000000000E+00 , +0.000000000E+00 , 1.0000000E+03 , 5.0000000E+01 , 2.0000000E+01 , 0.0000000E+00 , P
       590 , -3.087931309E+19 , +0.000000000E+00 , +0.000000000E+00 , 1.0000000E+03 , 5.0000000E+01 , 2.0000000E+01 , 0.0000000E+00 , P
       591 , -3.086341231E+19 , +0.000000000E+00 , +0.000000000E+00 , 1.0000000E+03 , 5.0000000E+01 , 2.0000000E+01 , 0.0000000E+00 , P
       592 , -3.084751153E+19 , +0.000000000E+00 , +0.000000000E+00 , 1.0000000E+03 , 5.0000000E+01 , 2.0000000E+01 , 0.0000000E+00 , P
       593 , -3.083161075E+19 , +0.000000000E+00 , +0.000000000E+00 , 1.0000000E+03 , 5.0000000E+01 , 2.0000000E+01 , 0.0000000E+00 , P
       594 , -3.081570997E+19 , +0.000000000E+00 , +0.000000000E+00 , 1.0000000E+03 , 5.0000000E+01 , 2.0000000E+01 , 0.0000000E+00 , P
       595 , -3.079980919E+19 , +0.000000000E+00 , +0.000000000E+00 , 1.0000000E+03 , 5.0000000E+01 , 2.0000000E+01 , 0.0000000E+00 , P
       596 , -3.078390841E+19 , +0.000000000E+00 , +0.000000000E+00 , 1.0000000E+03 , 5.0000000E+01 , 2.0000000E+01 , 0.0000000E+00 , P
       597 , -3.076800763E+19 , +0.000000000E+00 , +0.000000000E+00 , 1.0000000E+03 , 5.0000000E+01 , 2.0000000E+01 , 0.0000000E+00 , P
       598 , -3.075210685E+19 , +0.000000000E+00 , +0.000000000E+00 , 1.0000000E+03 , 5.0000000E+01 , 2.0000000E+01 , 0.0000000E+00 , P
       599 , -3.073620607E+19 , +0.000000000E+00 , +0.000000000E+00 , 1.0000000E+03 , 5.0000000E+01 , 2.0000000E+01 , 0.0000000E+00 , P
       600 , -3.072030529E+19 , +0.000000000E+00 , +0.000000000E+00 , 1.0000000E+03 , 5.0000000E+01 , 2.0000000E+01 , 0.0000000E+00 , P
       601 , -3.070440452E+19 , +0.000000000E+00 , +0.000000000E+00 , 1.0000000E+03 , 5.0000000E+01 , 2.0000000E+01 , 0.0000000E+00 , P
       602 , -3.068850374E+19 , +0.000000000E+00 , +0.000000000E+00 , 1.0000000E+03 , 5.0000000E+01 , 2.0000000E+01 , 0.0000000E+00 , P
       603 , -3.067260296E+19 , +0.000000000E+00 , +0.000000000E+00 , 1.0000000E+03 , 5.0000000E+01 , 2.0000000E+01 , 0.0000000E+00 , P
       604 , -3.065670218E+19 , +0.000000000E+00 , +0.000000000E+00 , 1.0000000E+03 , 5.0000000E+01 , 2.0000000E+01 , 0.0000000E+00 , P
       605 , -3.064080140E+19 , +0.000000000E+00 , +0.000000000E+00 , 1.0000000E+03 , 5.0000000E+01 , 2.0000000E+01 , 0.0000000E+00 , P
       606 , -3.062490062E+19 , +0.000000000E+00 , +0.000000000E+00 , 1.0000000E+03 , 5.0000000E+01 , 2.0000000E+01 , 0.0000000E+00 , P
       607 , -3.060899984E+19 , +0.000000000E+00 , +0.000000000E+00 , 1.0000000E+03 , 5.0000000E+01 , 2.0000000E+01 , 0.0000000E+00 , P
       608 , -3.059309906E+19 , +0.000000000E+00 , +0.000000000E+00 , 1.0000000E+03 , 5.0000000E+01 , 2.0000000E+01 , 0.0000000E+00 , P
       609 , -3.057719828E+19 , +0.000000000E+00 , +0.000000000E+00 , 1.0000000E+03 , 5.0000000E+01 , 2.0000000E+01 , 0.0000000E+00 , P
       610 , -3.056129750E+19 , +0.000000000E+00 , +0.000000000E+00 , 1.0000000E+03 , 5.0000000E+01 , 2.0000000E+01 , 0.0000000E+00 , P
       611 , -3.054539672E+19 , +0.000000000E+00 , +0.000000000E+00 , 1.0000000E+03 , 5.0000000E+01 , 2.0000000E+01 , 0.0000000E+00 , P
       612 , -3.052949595E+19 , +0.000000000E+00 , +0.000000000E+00 , 1.0000000E+03 , 5.0000000E+01 , 2.0000000E+01 , 0.0000000E+00 , P
       613 , -3.051359517E+19 , +0.000000000E+00 , +0.000000000E+00 , 1.0000000E+03 , 5.0000000E+01 , 2.0000000E+01 , 0.0000000E+00 , P
       614 , -3.049769439E+19 , +0.000000000E+00 , +0.000000000E+00 , 1.0000000E+03 , 5.0000000E+01 , 2.0000000E+01 , 0.0000000E+00 , P
       615 , -3.048179361E+19 , +0.000000000E+00 , +0.000000000E+00 , 1.0000000E+03 , 5.0000000E+01 , 2.0000000E+01 , 0.0000000E+00 , P
       616 , -3.046589283E+19 , +0.000000000E+00 , +0.000000000E+00 , 1.0000000E+03 , 5.0000000E+01 , 2.0000000E+01 , 0.0000000E+00 , P
       617 , -3.044999205E+19 , +0.000000000E+00 , +0.000000000E+00 , 1.0000000E+03 , 5.0000000E+01 , 2.0000000E+01 , 0.0000000E+00 , P
       618 , -3.043409127E+19 , +0.000000000E+00 , +0.000000000E+00 , 1.0000000E+03 , 5.0000000E+01 , 2.0000000E+01 , 0.0000000E+00 , P
       619 , -3.041819049E+19 , +0.000000000E+00 , +0.000000000E+00 , 1.0000000E+03 , 5.0000000E+01 , 2.0000000E+01 , 0.0000000E+00 , P
       620 , -3.040228971E+19 , +0.000000000E+00 , +0.000000000E+00 , 1.0000000E+03 , 5.0000000E+01 , 2.0000000E+01 , 0.0000000E+00 , P
       621 , -3.038638893E+19 , +0.000000000E+00 , +0.000000000E+00 , 1.0000000E+03 , 5.0000000E+01 , 2.0000000E+01 , 0.0000000E+00 , P
       622 , -3.037048815E+19 , +0.000000000E+00 , +0.000000000E+00 , 1.0000000E+03 , 5.0000000E+01 , 2.0000000E+01 , 0.0000000E+00 , P
       623 , -3.035458737E+19 , +0.000000000E+00 , +0.000000000E+00 , 1.0000000E+03 , 5.0000000E+01 , 2.0000000E+01 , 0.0000000E+00 , P
       624 , -3.033868660E+19 , +0.000000000E+00 , +0.000000000E+00 , 1.0000000E+03 , 5.0000000E+01 , 2.0000000E+01 , 0.0000000E+00 , P
       625 , -3.032278582E+19 , +0.000000000E+00 , +0.000000000E+00 , 1.0000000E+03 , 5.0000000E+01 , 2.0000000E+01 , 0.0000000E+00 , P
       626 , -3.030688504E+19 , +0.000000000E+00 , +0.000000000E+00 , 1.0000000E+03 , 5.0000000E+01 , 2.0000000E+01 , 0.0000000E+00 , P
       627 , -3.029098426E+19 , +0.000000000E+00 , +0.000000000E+00 , 1.0000000E+03 , 5.0000000E+01 , 2.0000000E+01 , 0.0000000E+00 , P
       628 , -3.027508348E+19 , +0.000000000E+00 , +0.000000000E+00 , 1.0000000E+03 , 5.0000000E+01 , 2.0000000E+01 , 0.0000000E+00 , P
       629 , -3.025918270E+19 , +0.000000000E+00 , +0.000000000E+00 , 1.0000000E+03 , 5.0000000E+01 , 2.0000000E+01 , 0.0000000E+00 , P
       630 , -3.024328192E+19 , +0.000000000E+00 , +0.000000000E+00 , 1.0000000E+03 , 5.0000000E+01 , 2.0000000E+01 , 0.0000000E+00 , P
       631 , -3.022738114E+19 , +0.000000000E+00 , +0.000000000E+00 , 1.0000000E+03 , 5.0000000E+01 , 2.0000000E+01 , 0.0000000E+00 , P
       632 , -3.021148036E+19 , +0.000000000E+00 , +0.000000000E+00 , 1.0000000E+03 , 5.0000000E+01 , 2.0000000E+01 , 0.0000000E+00 , P
       633 , -3.005247257E+19 , +0.000000000E+00 , +0.000000000E+00 , 1.0000000E+03 , 5.0000000E+01 , 2.0000000E+01 , 0.0000000E+00 , P
       634 , -2.989346478E+19 , +0.000000000E+00 , +0.000000000E+00 , 1.0000000E+03 , 5.0000000E+01 , 2.0000000E+01 , 0.0000000E+00 , P
       635 , -2.973445699E+19 , +0.000000000E+00 , +0.000000000E+00 , 1.0000000E+03 , 5.0000000E+01 , 2.0000000E+01 , 0.0000000E+00 , P
       636 , -2.957544920E+19 , +0.000000000E+00 , +0.000000000E+00 , 1.0000000E+03 , 5.0000000E+01 , 2.0000000E+01 , 0.0000000E+00 , P
       637 , -2.941644141E+19 , +0.000000000E+00 , +0.000000000E+00 , 1.0000000E+03 , 5.0000000E+01 , 2.0000000E+01 , 0.0000000E+00 , P
       638 , -2.925743361E+19 , +0.000000000E+00 , +0.000000000E+00 , 1.0000000E+03 , 5.0000000E+01 , 2.0000000E+01 , 0.0000000E+00 , P
       639 , -2.909842582E+19 , +0.000000000E+00 , +0.000000000E+00 , 1.0000000E+03 , 5.0000000E+01 , 2.0000000E+01 , 0.0000000E+00 , P
       640 , -2.893941803E+19 , +0.000000000E+00 , +0.000000000E+00 , 1.0000000E+03 , 5.0000000E+01 , 2.0000000E+01 , 0.0000000E+00 , P
       641 , -2.878041024E+19 , +0.000000000E+00 , +0.000000000E+00 , 1.0000000E+03 , 5.0000000E+01 , 2.0000000E+01 , 0.0000000E+00 , P
       642 , -2.862140245E+19 , +0.000000000E+00 , +0.000000000E+00 , 1.0000000E+03 , 5.0000000E+01 , 2.0000000E+01 , 0.0000000E+00 , P
       643 , -2.846239466E+19 , +0.000000000E+00 , +0.000000000E+00 , 1.0000000E+03 , 5.0000000E+01 , 2.0000000E+01 , 0.0000000E+00 , P
       644 , -2.830338687E+19 , +0.000000000E+00 , +0.000000000E+00 , 1.0000000E+03 , 5.0000000E+01 , 2.0000000E+01 , 0.0000000E+00 , P
       645 , -2.814437907E+19 , +0.000000000E+00 , +0.000000000E+00 , 1.0000000E+03 , 5.0000000E+01 , 2.0000000E+01 , 0.0000000E+00 , P
       646 , -2.798537128E+19 , +0.000000000E+00 , +0.000000000E+00 , 1.0000000E+03 , 5.0000000E+01 , 2.0000000E+01 , 0.0000000E+00 , P
       647 , -2.782636349E+19 , +0.000000000E+00 , +0.000000000E+00 , 1.0000000E+03 , 5.0000000E+01 , 2.0000000E+01 , 0.0000000E+00 , P
       648 , -2.766735570E+19 , +0.000000000E+00 , +0.000000000E+00 , 1.0000000E+03 , 5.0000000E+01 , 2.0000000E+01 , 0.0000000E+00 , P
       649 , -2.750834791E+19 , +0.000000000E+00 , +0.000000000E+00 , 1.0000000E+03 , 5.0000000E+01 , 2.0000000E+01 , 0.0000000E+00 , P
       650 , -2.734934012E+19 , +0.000000000E+00 , +0.000000000E+00 , 1.0000000E+03 , 5.0000000E+01 , 2.0000000E+01 , 0.0000000E+00 , P
       651 , -2.719033233E+19 , +0.000000000E+00 , +0.000000000E+00 , 1.0000000E+03 , 5.0000000E+01 , 2.0000000E+01 , 0.0000000E+00 , P
       652 , -2.703132453E+19 , +0.000000000E+00 , +0.000000000E+00 , 1.0000000E+03 , 5.0000000E+01 , 2.0000000E+01 , 0.0000000E+00 , P
       653 , -2.687231674E+19 , +0.000000000E+00 , +0.000000000E+00 , 1.0000000E+03 , 5.0000000E+01 , 2.0000000E+01 , 0.0000000E+00 , P
       654 , -2.671330895E+19 , +0.000000000E+00 , +0.000000000E+00 , 1.0000000E+03 , 5.0000000E+01 , 2.0000000E+01 , 0.0000000E+00 , P
       655 , -2.655430116E+19 , +0.000000000E+00 , +0.000000000E+00 , 1.0000000E+03 , 5.0000000E+01 , 2.0000000E+01 , 0.0000000E+00 , P
       656 , -2.639529337E+19 , +0.000000000E+00 , +0.000000000E+00 , 1.0000000E+03 , 5.0000000E+01 , 2.0000000E+01 , 0.0000000E+00 , P
       657 , -2.623628558E+19 , +0.000000000E+00 , +0.000000000E+00 , 1.0000000E+03 , 5.0000000E+01 , 2.0000000E+01 , 0.0000000E+00 , P
       658 , -2.607727779E+19 , +0.000000000E+00 , +0.000000000E+00 , 1.0000000E+03 , 5.0000000E+01 , 2.0000000E+01 , 0.0000000E+00 , P
       659 , -2.591827000E+19 , +0.000000000E+00 , +0.000000000E+00 , 1.0000000E+03 , 5.0000000E+01 , 2.0000000E+01 , 0.0000000E+00 , P
       660 , -2.575926220E+19 , +0.000000000E+00 , +0.000000000E+00 , 1.0000000E+03 , 5.0000000E+01 , 2.0000000E+01 , 0.0000000E+00 , P
       661 , -2.560025441E+19 , +0.000000000E+00 , +0.000000000E+00 , 1.0000000E+03 , 5.0000000E+01 , 2.0000000E+01 , 0.0000000E+00 , P
       662 , -2.544124662E+19 , +0.000000000E+00 , +0.000000000E+00 , 1.0000000E+03 , 5.0000000E+01 , 2.0000000E+01 , 0.0000000E+00 , P
       663 , -2.528223883E+19 , +0.000000000E+00 , +0.000000000E+00 , 1.0000000E+03 , 5.0000000E+01 , 2.0000000E+01 , 0.0000000E+00 , P
       664 , -2.512323104E+19 , +0.000000000E+00 , +0.000000000E+00 , 1.0000000E+03 , 5.0000000E+01 , 2.0000000E+01 , 0.0000000E+00 , P
       665 , -2.496422325E+19 , +0.000000000E+00 , +0.000000000E+00 , 1.0000000E+03 , 5.0000000E+01 , 2.0000000E+01 , 0.0000000E+00 , P
       666 , -2.480521546E+19 , +0.000000000E+00 , +0.000000000E+00 , 1.0000000E+03 , 5.0000000E+01 , 2.0000000E+01 , 0.0000000E+00 , P
       667 , -2.464620766E+19 , +0.000000000E+00 , +0.000000000E+00 , 1.0000000E+03 , 5.0000000E+01 , 2.0000000E+01 , 0.0000000E+00 , P
       668 , -2.448719987E+19 , +0.000000000E+00 , +0.000000000E+00 , 1.0000000E+03 , 5.0000000E+01 , 2.0000000E+01 , 0.0000000E+00 , P
       669 , -2.432819208E+19 , +0.000000000E+00 , +0.000000000E+00 , 1.0000000E+03 , 5.0000000E+01 , 2.0000000E+01 , 0.0000000E+00 , P
       670 , -2.416918429E+19 , +0.000000000E+00 , +0.000000000E+00 , 1.0000000E+03 , 5.0000000E+01 , 2.0000000E+01 , 0.0000000E+00 , P
       671 , -2.401017650E+19 , +0.000000000E+00 , +0.000000000E+00 , 1.0000000E+03 , 5.0000000E+01 , 2.0000000E+01 , 0.0000000E+00 , P
       672 , -2.385116871E+19 , +0.000000000E+00 , +0.000000000E+00 , 1.0000000E+03 , 5.0000000E+01 , 2.0000000E+01 , 0.0000000E+00 , P
       673 , -2.369216092E+19 , +0.000000000E+00 , +0.000000000E+00 , 1.0000000E+03 , 5.0000000E+01 , 2.0000000E+01 , 0.0000000E+00 , P
       674 , -2.353315312E+19 , +0.000000000E+00 , +0.000000000E+00 , 1.0000000E+03 , 5.0000000E+01 , 2.0000000E+01 , 0.0000000E+00 , P
       675 , -2.337414533E+19 , +0.000000000E+00 , +0.000000000E+00 , 1.0000000E+03 , 5.0000000E+01 , 2.0000000E+01 , 0.0000000E+00 , P
       676 , -2.321513754E+19 , +0.000000000E+00 , +0.000000000E+00 , 1.0000000E+03 , 5.0000000E+01 , 2.0000000E+01 , 0.0000000E+00 , P
       677 , -2.305612975E+19 , +0.000000000E+00 , +0.000000000E+00 , 1.0000000E+03 , 5.0000000E+01 , 2.0000000E+01 , 0.0000000E+00 , P
       678 , -2.289712196E+19 , +0.000000000E+00 , +0.000000000E+00 , 1.0000000E+03 , 5.0000000E+01 , 2.0000000E+01 , 0.0000000E+00 , P
       679 , -2.273811417E+19 , +0.000000000E+00 , +0.000000000E+00 , 1.0000000E+03 , 5.0000000E+01 , 2.0000000E+01 , 0.0000000E+00 , P
       680 , -2.257910638E+19 , +0.000000000E+00 , +0.000000000E+00 , 1.0000000E+03 , 5.0000000E+01 , 2.0000000E+01 , 0.0000000E+00 , P
       681 , -2.242009858E+19 , +0.000000000E+00 , +0.000000000E+00 , 1.0000000E+03 , 5.0000000E+01 , 2.0000000E+01 , 0.0000000E+00 , P
       682 , -2.226109079E+19 , +0.000000000E+00 , +0.000000000E+00 , 1.0000000E+03 , 5.0000000E+01 , 2.0000000E+01 , 0.0000000E+00 , P
       683 , -2.210208300E+19 , +0.000000000E+00 , +0.000000000E+00 , 1.0000000E+03 , 5.0000000E+01 , 2.0000000E+01 , 0.0000000E+00 , P
       684 , -2.194307521E+19 , +0.000000000E+00 , +0.000000000E+00 , 1.0000000E+03 , 5.0000000E+01 , 2.0000000E+01 , 0.0000000E+00 , P
       685 , -2.178406742E+19 , +0.000000000E+00 , +0.000000000E+00 , 1.0000000E+03 , 5.0000000E+01 , 2.0000000E+01 , 0.0000000E+00 , P
       686 , -2.162505963E+19 , +0.000000000E+00 , +0.000000000E+00 , 1.0000000E+03 , 5.0000000E+01 , 2.0000000E+01 , 0.0000000E+00 , P
       687 , -2.146605184E+19 , +0.000000000E+00 , +0.000000000E+00 , 1.0000000E+03 , 5.0000000E+01 , 2.0000000E+01 , 0.0000000E+00 , P
       688 , -2.130704405E+19 , +0.000000000E+00 , +0.000000000E+00 , 1.0000000E+03 , 5.0000000E+01 , 2.0000000E+01 , 0.0000000E+00 , P
       689 , -2.114803625E+19 , +0.000000000E+00 , +0.000000000E+00 , 1.0000000E+03 , 5.0000000E+01 , 2.0000000E+01 , 0.0000000E+00 , P
       690 , -2.098902846E+19 , +0.000000000E+00 , +0.000000000E+00 , 1.0000000E+03 , 5.0000000E+01 , 2.0000000E+01 , 0.0000000E+00 , P
       691 , -2.083002067E+19 , +0.000000000E+00 , +0.000000000E+00 , 1.0000000E+03 , 5.0000000E+01 , 2.0000000E+01 , 0.0000000E+00 , P
       692 , -2.067101288E+19 , +0.000000000E+00 , +0.000000000E+00 , 1.0000000E+03 , 5.0000000E+01 , 2.0000000E+01 , 0.0000000E+00 , P
       693 , -2.051200509E+19 , +0.000000000E+00 , +0.000000000E+00 , 1.0000000E+03 , 5.0000000E+01 , 2.0000000E+01 , 0.0000000E+00 , P
       694 , -2.035299730E+19 , +0.000000000E+00 , +0.000000000E+00 , 1.0000000E+03 , 5.0000000E+01 , 2.0000000E+01 , 0.0000000E+00 , P
       695 , -2.019398951E+19 , +0.000000000E+00 , +0.000000000E+00 , 1.0000000E+03 , 5.0000000E+01 , 2.0000000E+01 , 0.0000000E+00 , P
       696 , -2.003498171E+19 , +0.000000000E+00 , +0.000000000E+00 , 1.0000000E+03 , 5.0000000E+01 , 2.0000000E+01 , 0.0000000E+00 , P
       697 , -1.987597392E+19 , +0.000000000E+00 , +0.000000000E+00 , 1.0000000E+03 , 5.0000000E+01 , 2.0000000E+01 , 0.0000000E+00 , P
       698 , -1.971696613E+19 , +0.000000000E+00 , +0.000000000E+00 , 1.0000000E+03 , 5.0000000E+01 , 2.0000000E+01 , 0.0000000E+00 , P
       699 , -1.955795834E+19 , +0.000000000E+00 , +0.000000000E+00 , 1.0000000E+03 , 5.0000000E+01 , 2.0000000E+01 , 0.0000000E+00 , P
       700 , -1.939895055E+19 , +0.000000000E+00 , +0.000000000E+00 , 1.0000000E+03 , 5.0000000E+01 , 2.0000000E+01 , 0.0000000E+00 , P
       701 , -1.923994276E+19 , +0.000000000E+00 , +0.000000000E+00 , 1.0000000E+03 , 5.0000000E+01 , 2.0000000E+01 , 0.0000000E+00 , P
       702 , -1.908093497E+19 , +0.000000000E+00 , +0.000000000E+00 , 1.0000000E+03 , 5.0000000E+01 , 2.0000000E+01 , 0.0000000E+00 , P
       703 , -1.892192717E+19 , +0.000000000E+00 , +0.000000000E+00 , 1.0000000E+03 , 5.0000000E+01 , 2.0000000E+01 , 0.0000000E+00 , P
       704 , -1.876291938E+19 , +0.000000000E+00 , +0.000000000E+00 , 1.0000000E+03 , 5.0000000E+01 , 2.0000000E+01 , 0.0000000E+00 , P
       705 , -1.860391159E+19 , +0.000000000E+00 , +0.000000000E+00 , 1.0000000E+03 , 5.0000000E+01 , 2.0000000E+01 , 0.0000000E+00 , P
       706 , -1.844490380E+19 , +0.000000000E+00 , +0.000000000E+00 , 1.0000000E+03 , 5.0000000E+01 , 2.0000000E+01 , 0.0000000E+00 , P
       707 , -1.828589601E+19 , +0.000000000E+00 , +0.000000000E+00 , 1.0000000E+03 , 5.0000000E+01 , 2.0000000E+01 , 0.0000000E+00 , P
       708 , -1.812688822E+19 , +0.000000000E+00 , +0.000000000E+00 , 1.0000000E+03 , 5.0000000E+01 , 2.0000000E+01 , 0.0000000E+00 , P
       709 , -1.796788043E+19 , +0.000000000E+00 , +0.000000000E+00 , 1.0000000E+03 , 5.0000000E+01 , 2.0000000E+01 , 0.0000000E+00 , P
       710 , -1.780887263E+19 , +0.000000000E+00 , +0.000000000E+00 , 1.0000000E+03 , 5.0000000E+01 , 2.0000000E+01 , 0.0000000E+00 , P
       711 , -1.764986484E+19 , +0.000000000E+00 , +0.000000000E+00 , 1.0000000E+03 , 5.0000000E+01 , 2.0000000E+01 , 0.0000000E+00 , P
       712 , -1.749085705E+19 , +0.000000000E+00 , +0.000000000E+00 , 1.0000000E+03 , 5.0000000E+01 , 2.0000000E+01 , 0.0000000E+00 , P
       713 , -1.733184926E+19 , +0.000000000E+00 , +0.000000000E+00 , 1.0000000E+03 , 5.0000000E+01 , 2.0000000E+01 , 0.0000000E+00 , P
       714 , -1.717284147E+19 , +0.000000000E+00 , +0.000000000E+00 , 1.0000000E+03 , 5.0000000E+01 , 2.0000000E+01 , 0.0000000E+00 , P
       715 , -1.701383368E+19 , +0.000000000E+00 , +0.000000000E+00 , 1.0000000E+03 , 5.0000000E+01 , 2.0000000E+01 , 0.0000000E+00 , P
       716 , -1.685482589E+19 , +0.000000000E+00 , +0.000000000E+00 , 1.0000000E+03 , 5.0000000E+01 , 2.0000000E+01 , 0.0000000E+00 , P
       717 , -1.669581810E+19 , +0.000000000E+00 , +0.000000000E+00 , 1.0000000E+03 , 5.0000000E+01 , 2.0000000E+01 , 0.0000000E+00 , P
       718 , -1.653681030E+19 , +0.000000000E+00 , +0.000000000E+00 , 1.0000000E+03 , 5.0000000E+01 , 2.0000000E+01 , 0.0000000E+00 , P
       719 , -1.637780251E+19 , +0.000000000E+00 , +0.000000000E+00 , 1.0000000E+03 , 5.0000000E+01 , 2.0000000E+01 , 0.0000000E+00 , P
       720 , -1.621879472E+19 , +0.000000000E+00 , +0.000000000E+00 , 1.0000000E+03 , 5.0000000E+01 , 2.0000000E+01 , 0.0000000E+00 , P
       721 , -1.605978693E+19 , +0.000000000E+00 , +0.000000000E+00 , 1.0000000E+03 , 5.0000000E+01 , 2.0000000E+01 , 0.0000000E+00 , P
       722 , -1.590077914E+19 , +0.000000000E+00 , +0.000000000E+00 , 1.0000000E+03 , 5.0000000E+01 , 2.0000000E+01 , 0.0000000E+00 , P
       723 , -1.431070122E+19 , +0.000000000E+00 , +0.000000000E+00 , 1.0000000E+03 , 5.0000000E+01 , 2.0000000E+01 , 0.0000000E+00 , P
       724 , -1.272062331E+19 , +0.000000000E+00 , +0.000000000E+00 , 1.0000000E+03 , 5.0000000E+01 , 2.0000000E+01 , 0.0000000E+00 , P
       725 , -1.113054540E+19 , +0.000000000E+00 , +0.000000000E+00 , 1.0000000E+03 , 5.0000000E+01 , 2.0000000E+01 , 0.0000000E+00 , P
       726 , -9.540467483E+18 , +0.000000000E+00 , +0.000000000E+00 , 1.0000000E+03 , 5.0000000E+01 , 2.0000000E+01 , 0.0000000E+00 , P
       727 , -7.950389569E+18 , +0.000000000E+00 , +0.000000000E+00 , 1.0000000E+03 , 5.0000000E+01 , 2.0000000E+01 , 0.0000000E+00 , P
       728 , -6.360311655E+18 , +0.000000000E+00 , +0.000000000E+00 , 1.0000000E+03 , 5.0000000E+01 , 2.0000000E+01 , 0.0000000E+00 , P
       729 , -4.770233741E+18 , +0.000000000E+00 , +0.000000000E+00 , 1.0000000E+03 , 5.0000000E+01 , 2.0000000E+01 , 0.0000000E+00 , P
       730 , -3.180155828E+18 , +0.000000000E+00 , +0.000000000E+00 , 1.0000000E+03 , 5.0000000E+01 , 2.0000000E+01 , 0.0000000E+00 , P
       731 , -1.590077914E+18 , +0.000000000E+00 , +0.000000000E+00 , 1.0000000E+03 , 5.0000000E+01 , 2.0000000E+01 , 0.0000000E+00 , P
       732 , +0.000000000E+00 , +0.000000000E+00 , +0.000000000E+00 , 1.0000000E+03 , 5.0000000E+01 , 2.0000000E+01 , 0.0000000E+00 , P
