1,CF+,0.00E+00,31.0
2,ClO+,0.00E+00,51.0
3,SiF+,0.00E+00,47.0
4,F+,1.80E-08,19.0
5,HF+,0.00E+00,20.0
6,PAH-,0.00E+00,420.0
7,PN+,0.00E+00,45.0
8,ClO,0.00E+00,51.0
9,CCl,0.00E+00,47.0
10,H2S2,0.00E+00,66.0
11,CH2PH,0.00E+00,46.0
12,SiCH3,0.00E+00,43.0
13,H2*,0.00E+00,2.0
14,O2-,0.00E+00,32.0
15,CH-,0.00E+00,13.0
16,C2-,0.00E+00,24.0
17,S-,0.00E+00,32.0
18,H2CCl+,0.00E+00,49.0
19,CH2NH2+,0.00E+00,30.0
20,H2F+,0.00E+00,21.0
21,H2NO+,0.00E+00,32.0
22,CCl+,0.00E+00,47.0
23,CP+,0.00E+00,43.0
24,PCH3+,0.00E+00,46.0
25,PNH2+,0.00E+00,47.0
26,PNH3+,0.00E+00,48.0
27,H2CN,0.00E+00,28.0
28,SiH4+,0.00E+00,32.0
29,CH2NH,0.00E+00,29.0
30,HS2,0.00E+00,65.0
31,H2SiO,0.00E+00,46.0
32,HPO,0.00E+00,48.0
33,SiH4,0.00E+00,32.0
34,C2H-,0.00E+00,25.0
35,C-,0.00E+00,12.0
36,O-,0.00E+00,16.0
37,H-,0.00E+00,1.0
38,He+,0.00E+00,4.0
39,HNS+,0.00E+00,47.0
40,HSO+,0.00E+00,49.0
41,PAH+,6.00E-07,420.0
42,CH4N+,0.00E+00,30.0
43,H2SiO+,0.00E+00,46.0
44,HOC+,0.00E+00,29.0
45,HPN+,0.00E+00,46.0
46,HeH+,0.00E+00,5.0
47,C2H7+,0.00E+00,31.0
48,H2Cl+,0.00E+00,37.0
49,PH3+,0.00E+00,34.0
50,HSiS+,0.00E+00,61.0
51,HNSi,0.00E+00,43.0
52,OH-,0.00E+00,17.0
53,CH3OH,0.00E+00,32.0
54,H3S2+,0.00E+00,67.0
55,HCl+,0.00E+00,36.0
56,PAH,0.00E+00,420.0
57,HNSi+,0.00E+00,43.0
58,SiH5+,0.00E+00,33.0
59,H2O2,0.00E+00,34.0
60,HF,0.00E+00,20.0
61,H2CS,0.00E+00,46.0
62,HCS,0.00E+00,45.0
63,HCP,0.00E+00,44.0
64,SiS+,0.00E+00,60.0
65,O2H+,0.00E+00,33.0
66,H3SiO+,0.00E+00,47.0
67,S2+,0.00E+00,64.0
68,HCl,0.00E+00,36.0
69,PH2,0.00E+00,33.0
70,HCSi,0.00E+00,41.0
71,PH2+,0.00E+00,33.0
72,S2,0.00E+00,64.0
73,SiC,0.00E+00,40.0
74,H3+,0.00E+00,3.0
75,H2NC+,0.00E+00,28.0
76,SiCH4+,0.00E+00,44.0
77,SiN+,0.00E+00,42.0
78,SiNH2+,0.00E+00,44.0
79,PCH4+,0.00E+00,47.0
80,SiCH3+,0.00E+00,43.0
81,Cl+,0.00E+00,35.0
82,HCP+,0.00E+00,44.0
83,PN,0.00E+00,45.0
84,SiH2,0.00E+00,30.0
85,HNO,0.00E+00,31.0
86,N2+,0.00E+00,28.0
87,H2PO+,0.00E+00,49.0
88,H2S2+,0.00E+00,66.0
89,NS+,0.00E+00,46.0
90,CH3OH+,0.00E+00,32.0
91,F,0.00E+00,19.0
92,H2CS+,0.00E+00,46.0
93,CP,0.00E+00,43.0
94,SiCH2,0.00E+00,42.0
95,CH3CH3+,0.00E+00,30.0
96,CN-,0.00E+00,26.0
97,H2+,0.00E+00,2.0
98,H3CS+,0.00E+00,47.0
99,PCH2+,0.00E+00,45.0
100,HS2+,0.00E+00,65.0
101,HPO+,0.00E+00,48.0
102,PO,0.00E+00,47.0
103,SiN,0.00E+00,42.0
104,SiH3,0.00E+00,31.0
105,NS,0.00E+00,46.0
106,PH+,0.00E+00,32.0
107,SiH,0.00E+00,29.0
108,SiO+,0.00E+00,44.0
109,CH3CH3,0.00E+00,30.0
110,CH5+,0.00E+00,17.0
111,CH3OH2+,0.00E+00,33.0
112,O2H,0.00E+00,33.0
113,PO+,0.00E+00,47.0
114,HNO+,0.00E+00,31.0
115,CH4+,0.00E+00,16.0
116,CN+,0.00E+00,26.0
117,N+,0.00E+00,14.0
118,C2H5,0.00E+00,29.0
119,SO+,0.00E+00,48.0
120,Na,0.00E+00,23.0
121,SiC+,0.00E+00,40.0
122,SiH2+,0.00E+00,30.0
123,SiH3+,0.00E+00,31.0
124,P+,3.90E-08,31.0
125,Fe,0.00E+00,56.0
126,Mg,0.00E+00,24.0
127,N2H+,0.00E+00,29.0
128,SiOH+,0.00E+00,45.0
129,SiH+,0.00E+00,29.0
130,SiS,0.00E+00,60.0
131,HCSi+,0.00E+00,41.0
132,SiCH2+,0.00E+00,42.0
133,CS+,0.00E+00,44.0
134,NH+,0.00E+00,15.0
135,O+,0.00E+00,16.0
136,HCS+,0.00E+00,45.0
137,Cl,0.00E+00,35.0
138,PH,0.00E+00,32.0
139,C2H3,0.00E+00,27.0
140,O2+,0.00E+00,32.0
141,OH+,0.00E+00,17.0
142,C2+,0.00E+00,24.0
143,HCN+,0.00E+00,27.0
144,C2H5+,0.00E+00,29.0
145,CS,0.00E+00,44.0
146,HNC,0.00E+00,27.0
147,C2H4,0.00E+00,28.0
148,H+,0.00E+00,1.0
149,Fe+,1.50E-08,56.0
150,Mg+,2.70E-07,24.0
151,H2O+,0.00E+00,18.0
152,H3S+,0.00E+00,35.0
153,SO,0.00E+00,48.0
154,H2S+,0.00E+00,34.0
155,Na+,5.90E-07,23.0
156,HS+,0.00E+00,33.0
157,CO+,0.00E+00,28.0
158,H2S,0.00E+00,34.0
159,C2H4+,0.00E+00,28.0
160,NH2+,0.00E+00,16.0
161,C+,1.40E-04,12.0
162,P,0.00E+00,31.0
163,C2H3+,0.00E+00,27.0
164,H2CO+,0.00E+00,30.0
165,NH3,0.00E+00,17.0
166,H3CO+,0.00E+00,31.0
167,NH2,0.00E+00,16.0
168,C2H+,0.00E+00,25.0
169,S+,1.80E-05,32.0
170,CH3+,0.00E+00,15.0
171,H3O+,0.00E+00,19.0
172,Si+,1.70E-06,28.0
173,SiO,0.00E+00,44.0
174,C2H2+,0.00E+00,26.0
175,CH+,0.00E+00,13.0
176,NO+,0.00E+00,30.0
177,NH4+,0.00E+00,18.0
178,Si,0.00E+00,28.0
179,HS,0.00E+00,33.0
180,C2H2,0.00E+00,26.0
181,NH3+,0.00E+00,17.0
182,CH2,0.00E+00,14.0
183,CH2+,0.00E+00,14.0
184,HCNH+,0.00E+00,28.0
185,C2H,0.00E+00,25.0
186,CH4,0.00E+00,16.0
187,H2CO,0.00E+00,30.0
188,HCO,0.00E+00,29.0
189,C2,0.00E+00,24.0
190,NO,0.00E+00,30.0
191,HCN,0.00E+00,27.0
192,NH,0.00E+00,15.0
193,N2,0.00E+00,28.0
194,CH3,0.00E+00,15.0
195,HCO+,0.00E+00,29.0
196,CN,0.00E+00,26.0
197,O2,0.00E+00,32.0
198,CH,0.00E+00,13.0
199,H2O,0.00E+00,18.0
200,S,0.00E+00,32.0
201,N,5.20E-05,14.0
202,He,1.00E-01,4.0
203,OH,0.00E+00,17.0
204,C,0.00E+00,12.0
205,CO,0.00E+00,28.0
206,O,3.20E-04,16.0
207,H2,3.00E-01,2.0
208,H,4.00E-01,1.0
209,e-,0.00E+00,0.0
