1,DC2O+,0.00E+00,42.0
2,H3C3O+,0.00E+00,55.0
3,H4C4N+,0.00E+00,66.0
4,#CH2DO,0.00E+00,32.0
5,#CH2OD,0.00E+00,32.0
6,#CHDOH,0.00E+00,32.0
7,C3H2O+,0.00E+00,54.0
8,C3HDO+,0.00E+00,55.0
9,H2DC3O+,0.00E+00,56.0
10,He+,0.00E+00,4.0
11,HC2O+,0.00E+00,41.0
12,#CH2CO,0.00E+00,42.0
13,#CHDCO,0.00E+00,43.0
14,#Fe,0.00E+00,56.0
15,#Mg,0.00E+00,24.0
16,#NO,0.00E+00,30.0
17,#O2,0.00E+00,32.0
18,H3DC4N+,0.00E+00,67.0
19,#C3,0.00E+00,36.0
20,C2O+,0.00E+00,40.0
21,#C3N,0.00E+00,50.0
22,#CH2OH,0.00E+00,31.0
23,#C2H3,0.00E+00,27.0
24,#C4,0.00E+00,48.0
25,C7+,0.00E+00,84.0
26,#CH2DCN,0.00E+00,42.0
27,#CH3OD,0.00E+00,33.0
28,#N2,0.00E+00,28.0
29,CNC+,0.00E+00,38.0
30,#C2H2D,0.00E+00,28.0
31,Fe,0.00E+00,56.0
32,C3H3D,0.00E+00,41.0
33,Mg,0.00E+00,24.0
34,CH2DOH,0.00E+00,33.0
35,CH3OD,0.00E+00,33.0
36,#CH3CN,0.00E+00,41.0
37,#CH3OH,0.00E+00,32.0
38,#ND3,0.00E+00,20.0
39,#NHD2,0.00E+00,19.0
40,#D2CO,0.00E+00,32.0
41,#NHD,0.00E+00,17.0
42,#H2CO,0.00E+00,30.0
43,CHDCO,0.00E+00,43.0
44,CH2DCN,0.00E+00,42.0
45,C3H4,0.00E+00,40.0
46,CH3OH,0.00E+00,32.0
47,#C3H4,0.00E+00,40.0
48,#C4H2,0.00E+00,50.0
49,#CH2DOH,0.00E+00,33.0
50,#DC3N,0.00E+00,52.0
51,#NH3,0.00E+00,17.0
52,#C3H2D,0.00E+00,40.0
53,#C3H2,0.00E+00,38.0
54,#C3H3,0.00E+00,39.0
55,#C3D,0.00E+00,38.0
56,#CH4,0.00E+00,16.0
57,#HDCO,0.00E+00,31.0
58,#C3H,0.00E+00,37.0
59,C4D,0.00E+00,50.0
60,CH3CN,0.00E+00,41.0
61,C3HD,0.00E+00,39.0
62,N2+,0.00E+00,28.0
63,#C3H3D,0.00E+00,41.0
64,C3O+,0.00E+00,52.0
65,#C4D,0.00E+00,50.0
66,#C4H,0.00E+00,49.0
67,#ND2,0.00E+00,18.0
68,#CD2,0.00E+00,16.0
69,#NH2,0.00E+00,16.0
70,#C2D,0.00E+00,26.0
71,#CH2,0.00E+00,14.0
72,C3N,0.00E+00,50.0
73,CH2CO,0.00E+00,42.0
74,C4HD,0.00E+00,51.0
75,CO2+,0.00E+00,44.0
76,C3H2D,0.00E+00,40.0
77,#CO2,0.00E+00,44.0
78,#D2O,0.00E+00,20.0
79,#HC3N,0.00E+00,51.0
80,CH2DCN+,0.00E+00,42.0
81,CH3CN+,0.00E+00,41.0
82,#CD4,0.00E+00,20.0
83,#C2,0.00E+00,24.0
84,#CHD,0.00E+00,15.0
85,#ND,0.00E+00,16.0
86,#NH,0.00E+00,15.0
87,#C2H,0.00E+00,25.0
88,C4H2,0.00E+00,50.0
89,#DNC,0.00E+00,28.0
90,#H2O,0.00E+00,18.0
91,#NH2D,0.00E+00,18.0
92,CH3OH+,0.00E+00,32.0
93,C3N+,0.00E+00,50.0
94,#CH3D,0.00E+00,17.0
95,#CH2D2,0.00E+00,18.0
96,#D2,0.00E+00,4.0
97,C3H2,0.00E+00,38.0
98,C4H,0.00E+00,49.0
99,D3+,0.00E+00,6.0
100,H3+,0.00E+00,3.0
101,#C3O,0.00E+00,52.0
102,#C4HD,0.00E+00,51.0
103,#DCN,0.00E+00,28.0
104,CH2DOH+,0.00E+00,33.0
105,H4C2N+,0.00E+00,42.0
106,#C3HD,0.00E+00,39.0
107,#CHD3,0.00E+00,19.0
108,#OD,0.00E+00,18.0
109,C3O,0.00E+00,52.0
110,#HCN,0.00E+00,27.0
111,#HNC,0.00E+00,27.0
112,CH3OD+,0.00E+00,33.0
113,#OH,0.00E+00,17.0
114,C3H3,0.00E+00,39.0
115,CH2DOH2+,0.00E+00,34.0
116,D2+,0.00E+00,4.0
117,#HDO,0.00E+00,19.0
118,#CN,0.00E+00,26.0
119,C4,0.00E+00,48.0
120,C2H2D,0.00E+00,28.0
121,DC3O+,0.00E+00,54.0
122,#N,0.00E+00,14.0
123,#CD,0.00E+00,14.0
124,N+,0.00E+00,14.0
125,H2+,0.00E+00,2.0
126,NH3,0.00E+00,17.0
127,CH3OH2+,0.00E+00,33.0
128,CH2CO+,0.00E+00,42.0
129,#H2,0.00E+00,2.0
130,C3D,0.00E+00,38.0
131,ND3,0.00E+00,20.0
132,HC3O+,0.00E+00,53.0
133,H3DC2N+,0.00E+00,43.0
134,#HCO,0.00E+00,29.0
135,C2H3,0.00E+00,27.0
136,HD+,0.00E+00,3.0
137,HD2+,0.00E+00,5.0
138,CH3CO+,0.00E+00,43.0
139,CHDCO+,0.00E+00,43.0
140,H2NC+,0.00E+00,28.0
141,#CD3,0.00E+00,18.0
142,#DCO,0.00E+00,30.0
143,#O,0.00E+00,16.0
144,DC3N+,0.00E+00,52.0
145,#CH,0.00E+00,13.0
146,DC3N,0.00E+00,52.0
147,#HD,0.00E+00,3.0
148,#C,0.00E+00,12.0
149,NH2D,0.00E+00,18.0
150,#C2H2,0.00E+00,26.0
151,HDNC+,0.00E+00,29.0
152,N2D+,0.00E+00,30.0
153,N2H+,0.00E+00,29.0
154,NHD2,0.00E+00,19.0
155,C3H5+,0.00E+00,41.0
156,C4+,0.00E+00,48.0
157,#CHD2,0.00E+00,17.0
158,#CH3,0.00E+00,15.0
159,CCN+,0.00E+00,38.0
160,HC3N+,0.00E+00,51.0
161,CD4+,0.00E+00,20.0
162,O+,0.00E+00,16.0
163,H2D+,0.00E+00,4.0
164,C2H4+,0.00E+00,28.0
165,C3H,0.00E+00,37.0
166,CD5+,0.00E+00,22.0
167,#C2HD,0.00E+00,27.0
168,C4D+,0.00E+00,50.0
169,CH2DCO+,0.00E+00,44.0
170,#CH2D,0.00E+00,16.0
171,HC3N,0.00E+00,51.0
172,CN+,0.00E+00,26.0
173,NO,0.00E+00,30.0
174,DNC,0.00E+00,28.0
175,CH5+,0.00E+00,17.0
176,CHD3+,0.00E+00,19.0
177,CH2D2+,0.00E+00,18.0
178,CH3OHD+,0.00E+00,34.0
179,CH4+,0.00E+00,16.0
180,CH3D+,0.00E+00,17.0
181,#CO,0.00E+00,28.0
182,C3H4D+,0.00E+00,42.0
183,DCO2+,0.00E+00,46.0
184,HCO2+,0.00E+00,45.0
185,C2H3D+,0.00E+00,29.0
186,C4H+,0.00E+00,49.0
187,ND+,0.00E+00,16.0
188,NH+,0.00E+00,15.0
189,C3,0.00E+00,36.0
190,C3+,0.00E+00,36.0
191,OD+,0.00E+00,18.0
192,H2C3N+,7.30E-05,52.0
193,OH+,0.00E+00,17.0
194,C+,0.00E+00,12.0
195,Fe+,3.00E-09,56.0
196,CHD4+,0.00E+00,21.0
197,CH4D+,0.00E+00,18.0
198,C3H4+,0.00E+00,40.0
199,CH2D3+,0.00E+00,20.0
200,O2+,0.00E+00,32.0
201,D2O+,0.00E+00,20.0
202,CH3D2+,0.00E+00,19.0
203,C3H3+,0.00E+00,39.0
204,C3D+,0.00E+00,38.0
205,HNC,0.00E+00,27.0
206,HCN+,0.00E+00,27.0
207,C2D,0.00E+00,26.0
208,DCN+,0.00E+00,28.0
209,C2+,0.00E+00,24.0
210,Mg+,7.00E-09,24.0
211,D3CO+,0.00E+00,34.0
212,O2,0.00E+00,32.0
213,C3H3D+,0.00E+00,41.0
214,H2O+,0.00E+00,18.0
215,HDC3N+,0.00E+00,53.0
216,C3H2D+,0.00E+00,40.0
217,C3H+,0.00E+00,37.0
218,D3O+,0.00E+00,22.0
219,D+,0.00E+00,2.0
220,H+,0.00E+00,1.0
221,C4H2+,0.00E+00,50.0
222,H3O+,0.00E+00,19.0
223,C3H2+,0.00E+00,38.0
224,NH2+,0.00E+00,16.0
225,C4HD+,0.00E+00,51.0
226,ND2+,0.00E+00,18.0
227,C3HD+,0.00E+00,39.0
228,CO+,0.00E+00,28.0
229,CO2,0.00E+00,44.0
230,D2CO,0.00E+00,32.0
231,C2H3+,0.00E+00,27.0
232,D2CO+,0.00E+00,32.0
233,HDO+,0.00E+00,19.0
234,C2H,0.00E+00,25.0
235,CD3+,0.00E+00,18.0
236,CD2,0.00E+00,16.0
237,H3CO+,0.00E+00,31.0
238,H2CO,0.00E+00,30.0
239,HDCO,0.00E+00,31.0
240,ND4+,0.00E+00,22.0
241,H2CO+,0.00E+00,30.0
242,NO+,0.00E+00,30.0
243,NHD+,0.00E+00,17.0
244,NH4+,0.00E+00,18.0
245,CD2+,0.00E+00,16.0
246,C2D+,0.00E+00,26.0
247,HDCO+,0.00E+00,31.0
248,CD+,0.00E+00,14.0
249,CH+,0.00E+00,13.0
250,C2H2D+,0.00E+00,28.0
251,DCNH+,0.00E+00,29.0
252,HCND+,0.00E+00,29.0
253,HCNH+,0.00E+00,28.0
254,C2H+,0.00E+00,25.0
255,HD2CO+,0.00E+00,33.0
256,C2HD,0.00E+00,27.0
257,NH2,0.00E+00,16.0
258,DCN,0.00E+00,28.0
259,HD2O+,0.00E+00,21.0
260,CH2+,0.00E+00,14.0
261,CH2,0.00E+00,14.0
262,C2,0.00E+00,24.0
263,ND2,0.00E+00,18.0
264,CD,0.00E+00,14.0
265,H2DO+,0.00E+00,20.0
266,H2DCO+,0.00E+00,32.0
267,CH,0.00E+00,13.0
268,CHD,0.00E+00,15.0
269,C2H2+,0.00E+00,26.0
270,NH3+,0.00E+00,17.0
271,ND3+,0.00E+00,20.0
272,NHD,0.00E+00,17.0
273,C2H2,0.00E+00,26.0
274,CD4,0.00E+00,20.0
275,CHD2+,0.00E+00,17.0
276,HCN,0.00E+00,27.0
277,CH4,0.00E+00,16.0
278,CH3+,0.00E+00,15.0
279,C2HD+,0.00E+00,27.0
280,CHD3,0.00E+00,19.0
281,CHD+,0.00E+00,15.0
282,CH2D2,0.00E+00,18.0
283,DCO,0.00E+00,30.0
284,CH3D,0.00E+00,17.0
285,HCO,0.00E+00,29.0
286,CH2D+,0.00E+00,16.0
287,NHD3+,0.00E+00,21.0
288,D2O,0.00E+00,20.0
289,CD3,0.00E+00,18.0
290,NH3D+,0.00E+00,19.0
291,NHD2+,0.00E+00,19.0
292,NH2D+,0.00E+00,18.0
293,ND,0.00E+00,16.0
294,NH,0.00E+00,15.0
295,NH2D2+,0.00E+00,20.0
296,#D,0.00E+00,2.0
297,H2O,0.00E+00,18.0
298,CHD2,0.00E+00,17.0
299,C,0.00E+00,12.0
300,N2,0.00E+00,28.0
301,CN,0.00E+00,26.0
302,CH3,0.00E+00,15.0
303,HDO,0.00E+00,19.0
304,#H,0.00E+00,1.0
305,DCO+,0.00E+00,30.0
306,CH2D,0.00E+00,16.0
307,HCO+,0.00E+00,29.0
308,He,1.00E-01,4.0
309,N,2.14E-05,14.0
310,OD,0.00E+00,18.0
311,OH,0.00E+00,17.0
312,O,1.76E-04,16.0
313,CO,0.00E+00,28.0
314,D2,0.00E+00,4.0
315,H2,4.95E-01,2.0
316,HD,1.55E-05,3.0
317,D,5.00E-07,2.0
318,H,1.00E-02,1.0
319,e-,0.00E+00,0.0
