1,CCl+,0.00E+00,47.0
2,CF+,0.00E+00,31.0
3,SiF+,0.00E+00,47.0
4,F+,1.80E-08,19.0
5,H2CN,0.00E+00,28.0
6,HF+,0.00E+00,20.0
7,HeH+,0.00E+00,5.0
8,PAH-,0.00E+00,420.0
9,H2S2,0.00E+00,66.0
10,N2O,0.00E+00,44.0
11,SiCH3,0.00E+00,43.0
12,Mg,0.00E+00,24.0
13,H2*,0.00E+00,2.0
14,CH5N,0.00E+00,31.0
15,Fe,0.00E+00,56.0
16,H2O2,0.00E+00,34.0
17,SiH4+,0.00E+00,32.0
18,H2SiO,0.00E+00,46.0
19,HCS,0.00E+00,45.0
20,HS2,0.00E+00,65.0
21,SiH2,0.00E+00,30.0
22,SiH4,0.00E+00,32.0
23,He+,0.00E+00,4.0
24,HNS+,0.00E+00,47.0
25,PAH+,6.00E-07,420.0
26,CH6N+,0.00E+00,32.0
27,H2F+,0.00E+00,21.0
28,H2SiO+,0.00E+00,46.0
29,HSO+,0.00E+00,49.0
30,H2Cl+,0.00E+00,37.0
31,HNSi,0.00E+00,43.0
32,HSiS+,0.00E+00,61.0
33,O2H,0.00E+00,33.0
34,NS,0.00E+00,46.0
35,SiC,0.00E+00,40.0
36,H2S2+,0.00E+00,66.0
37,H3S2+,0.00E+00,67.0
38,HCl+,0.00E+00,36.0
39,S2+,0.00E+00,64.0
40,PAH,0.00E+00,420.0
41,SiS+,0.00E+00,60.0
42,HNSi+,0.00E+00,43.0
43,SiH5+,0.00E+00,33.0
44,HCSi,0.00E+00,41.0
45,HCl,0.00E+00,36.0
46,S2,0.00E+00,64.0
47,CH3N,0.00E+00,29.0
48,SiS,0.00E+00,60.0
49,SiH,0.00E+00,29.0
50,O2H+,0.00E+00,33.0
51,CH5N+,0.00E+00,31.0
52,H2NO+,0.00E+00,32.0
53,H3SiO+,0.00E+00,47.0
54,Cl+,5.40E-08,35.0
55,HF,0.00E+00,20.0
56,SiCH2,0.00E+00,42.0
57,H2CS,0.00E+00,46.0
58,SiCH4+,0.00E+00,44.0
59,SiN+,0.00E+00,42.0
60,SiNH2+,0.00E+00,44.0
61,SiCH3+,0.00E+00,43.0
62,H2CS+,0.00E+00,46.0
63,HOC+,0.00E+00,29.0
64,SiN,0.00E+00,42.0
65,NS+,0.00E+00,46.0
66,H3CS+,0.00E+00,47.0
67,S2H+,0.00E+00,65.0
68,SiH3,0.00E+00,31.0
69,H3+,0.00E+00,3.0
70,CH4N+,0.00E+00,30.0
71,F,0.00E+00,19.0
72,CH5O+,0.00E+00,33.0
73,CH4O+,0.00E+00,32.0
74,Cl,0.00E+00,35.0
75,SiO+,0.00E+00,44.0
76,HNC+,0.00E+00,27.0
77,N2+,0.00E+00,28.0
78,SiH2+,0.00E+00,30.0
79,SiH3+,0.00E+00,31.0
80,C2H5+,0.00E+00,29.0
81,Mg+,2.70E-07,24.0
82,H2NC+,0.00E+00,28.0
83,CH5+,0.00E+00,17.0
84,SiOH+,0.00E+00,45.0
85,SiC+,0.00E+00,40.0
86,SO+,0.00E+00,48.0
87,SiH+,0.00E+00,29.0
88,HNO+,0.00E+00,31.0
89,CH4+,0.00E+00,16.0
90,HCSi+,0.00E+00,41.0
91,SiCH2+,0.00E+00,42.0
92,N2H+,0.00E+00,29.0
93,CN+,0.00E+00,26.0
94,HCS+,0.00E+00,45.0
95,SO,0.00E+00,48.0
96,N+,0.00E+00,14.0
97,CH4O,0.00E+00,32.0
98,HNC,0.00E+00,27.0
99,O+,0.00E+00,16.0
100,H2+,0.00E+00,2.0
101,SiO,0.00E+00,44.0
102,CS+,0.00E+00,44.0
103,H3S+,0.00E+00,35.0
104,HNO,0.00E+00,31.0
105,O2+,0.00E+00,32.0
106,OH+,0.00E+00,17.0
107,NH3,0.00E+00,17.0
108,C2H4+,0.00E+00,28.0
109,C2+,0.00E+00,24.0
110,H2S,0.00E+00,34.0
111,H3CO,0.00E+00,31.0
112,NH+,0.00E+00,15.0
113,CS,0.00E+00,44.0
114,HCN+,0.00E+00,27.0
115,H2S+,0.00E+00,34.0
116,H2O+,0.00E+00,18.0
117,C2H4,0.00E+00,28.0
118,Fe+,2.00E-07,56.0
119,C2H3,0.00E+00,27.0
120,H+,0.00E+00,1.0
121,CO+,0.00E+00,28.0
122,NH2+,0.00E+00,16.0
123,H2CO+,0.00E+00,30.0
124,C2,0.00E+00,24.0
125,C2H,0.00E+00,25.0
126,HS+,0.00E+00,33.0
127,C+,0.00E+00,12.0
128,C2H3+,0.00E+00,27.0
129,H3CO+,0.00E+00,31.0
130,Si,0.00E+00,28.0
131,H3O+,0.00E+00,19.0
132,C2H+,0.00E+00,25.0
133,Si+,1.70E-06,28.0
134,NH4+,0.00E+00,18.0
135,S+,6.90E-06,32.0
136,C2H2+,0.00E+00,26.0
137,CH+,0.00E+00,13.0
138,CH3+,0.00E+00,15.0
139,CH2+,0.00E+00,14.0
140,NH3+,0.00E+00,17.0
141,NH2,0.00E+00,16.0
142,C2H2,0.00E+00,26.0
143,CH4,0.00E+00,16.0
144,NO+,0.00E+00,30.0
145,HS,0.00E+00,33.0
146,H2CO,0.00E+00,30.0
147,HCNH+,0.00E+00,28.0
148,HCO,0.00E+00,29.0
149,HCN,0.00E+00,27.0
150,N2,0.00E+00,28.0
151,O2,0.00E+00,32.0
152,NO,0.00E+00,30.0
153,CH2,0.00E+00,14.0
154,NH,0.00E+00,15.0
155,H2O,0.00E+00,18.0
156,HCO+,0.00E+00,29.0
157,S,0.00E+00,32.0
158,CH,0.00E+00,13.0
159,CN,0.00E+00,26.0
160,CH3,0.00E+00,15.0
161,He,8.50E-02,4.0
162,C,1.40E-04,12.0
163,N,5.20E-05,14.0
164,OH,0.00E+00,17.0
165,CO,0.00E+00,28.0
166,O,3.40E-04,16.0
167,H2,3.00E-01,2.0
168,H,4.00E-01,1.0
169,e-,0.00E+00,0.0
