Particle # ,      x (cm)      ,      y (cm)      ,      z (cm)      ,  n_H (c^m-3)  ,   T_gas (K)   ,  T_dust (K)   , chi (Draine)  , Type (I|P|D)
         1 , +0.000000000E+00 , +0.000000000E+00 , +0.000000000E+00 , 3.0000000E+04 , 5.0000000E+01 , 2.0000000E+01 , 0.0000000E+00 , P
         2 , +5.300259713E+11 , +0.000000000E+00 , +0.000000000E+00 , 3.0000000E+04 , 5.0000000E+01 , 2.0000000E+01 , 0.0000000E+00 , P
         3 , +5.830285684E+11 , +0.000000000E+00 , +0.000000000E+00 , 3.0000000E+04 , 5.0000000E+01 , 2.0000000E+01 , 0.0000000E+00 , P
         4 , +6.360311655E+11 , +0.000000000E+00 , +0.000000000E+00 , 3.0000000E+04 , 5.0000000E+01 , 2.0000000E+01 , 0.0000000E+00 , P
         5 , +6.890337627E+11 , +0.000000000E+00 , +0.000000000E+00 , 3.0000000E+04 , 5.0000000E+01 , 2.0000000E+01 , 0.0000000E+00 , P
         6 , +7.420363598E+11 , +0.000000000E+00 , +0.000000000E+00 , 3.0000000E+04 , 5.0000000E+01 , 2.0000000E+01 , 0.0000000E+00 , P
         7 , +7.950389569E+11 , +0.000000000E+00 , +0.000000000E+00 , 3.0000000E+04 , 5.0000000E+01 , 2.0000000E+01 , 0.0000000E+00 , P
         8 , +8.480415540E+11 , +0.000000000E+00 , +0.000000000E+00 , 3.0000000E+04 , 5.0000000E+01 , 2.0000000E+01 , 0.0000000E+00 , P
         9 , +9.010441512E+11 , +0.000000000E+00 , +0.000000000E+00 , 3.0000000E+04 , 5.0000000E+01 , 2.0000000E+01 , 0.0000000E+00 , P
        10 , +9.540467483E+11 , +0.000000000E+00 , +0.000000000E+00 , 3.0000000E+04 , 5.0000000E+01 , 2.0000000E+01 , 0.0000000E+00 , P
        11 , +1.007049345E+12 , +0.000000000E+00 , +0.000000000E+00 , 3.0000000E+04 , 5.0000000E+01 , 2.0000000E+01 , 0.0000000E+00 , P
        12 , +1.060051943E+12 , +0.000000000E+00 , +0.000000000E+00 , 3.0000000E+04 , 5.0000000E+01 , 2.0000000E+01 , 0.0000000E+00 , P
        13 , +1.113054540E+12 , +0.000000000E+00 , +0.000000000E+00 , 3.0000000E+04 , 5.0000000E+01 , 2.0000000E+01 , 0.0000000E+00 , P
        14 , +1.166057137E+12 , +0.000000000E+00 , +0.000000000E+00 , 3.0000000E+04 , 5.0000000E+01 , 2.0000000E+01 , 0.0000000E+00 , P
        15 , +1.219059734E+12 , +0.000000000E+00 , +0.000000000E+00 , 3.0000000E+04 , 5.0000000E+01 , 2.0000000E+01 , 0.0000000E+00 , P
        16 , +1.272062331E+12 , +0.000000000E+00 , +0.000000000E+00 , 3.0000000E+04 , 5.0000000E+01 , 2.0000000E+01 , 0.0000000E+00 , P
        17 , +1.325064928E+12 , +0.000000000E+00 , +0.000000000E+00 , 3.0000000E+04 , 5.0000000E+01 , 2.0000000E+01 , 0.0000000E+00 , P
        18 , +1.378067525E+12 , +0.000000000E+00 , +0.000000000E+00 , 3.0000000E+04 , 5.0000000E+01 , 2.0000000E+01 , 0.0000000E+00 , P
        19 , +1.431070122E+12 , +0.000000000E+00 , +0.000000000E+00 , 3.0000000E+04 , 5.0000000E+01 , 2.0000000E+01 , 0.0000000E+00 , P
        20 , +1.484072720E+12 , +0.000000000E+00 , +0.000000000E+00 , 3.0000000E+04 , 5.0000000E+01 , 2.0000000E+01 , 0.0000000E+00 , P
        21 , +1.537075317E+12 , +0.000000000E+00 , +0.000000000E+00 , 3.0000000E+04 , 5.0000000E+01 , 2.0000000E+01 , 0.0000000E+00 , P
        22 , +1.590077914E+12 , +0.000000000E+00 , +0.000000000E+00 , 3.0000000E+04 , 5.0000000E+01 , 2.0000000E+01 , 0.0000000E+00 , P
        23 , +1.643080511E+12 , +0.000000000E+00 , +0.000000000E+00 , 3.0000000E+04 , 5.0000000E+01 , 2.0000000E+01 , 0.0000000E+00 , P
        24 , +1.696083108E+12 , +0.000000000E+00 , +0.000000000E+00 , 3.0000000E+04 , 5.0000000E+01 , 2.0000000E+01 , 0.0000000E+00 , P
        25 , +1.749085705E+12 , +0.000000000E+00 , +0.000000000E+00 , 3.0000000E+04 , 5.0000000E+01 , 2.0000000E+01 , 0.0000000E+00 , P
        26 , +1.802088302E+12 , +0.000000000E+00 , +0.000000000E+00 , 3.0000000E+04 , 5.0000000E+01 , 2.0000000E+01 , 0.0000000E+00 , P
        27 , +1.855090899E+12 , +0.000000000E+00 , +0.000000000E+00 , 3.0000000E+04 , 5.0000000E+01 , 2.0000000E+01 , 0.0000000E+00 , P
        28 , +1.908093497E+12 , +0.000000000E+00 , +0.000000000E+00 , 3.0000000E+04 , 5.0000000E+01 , 2.0000000E+01 , 0.0000000E+00 , P
        29 , +1.961096094E+12 , +0.000000000E+00 , +0.000000000E+00 , 3.0000000E+04 , 5.0000000E+01 , 2.0000000E+01 , 0.0000000E+00 , P
        30 , +2.014098691E+12 , +0.000000000E+00 , +0.000000000E+00 , 3.0000000E+04 , 5.0000000E+01 , 2.0000000E+01 , 0.0000000E+00 , P
        31 , +2.067101288E+12 , +0.000000000E+00 , +0.000000000E+00 , 3.0000000E+04 , 5.0000000E+01 , 2.0000000E+01 , 0.0000000E+00 , P
        32 , +2.120103885E+12 , +0.000000000E+00 , +0.000000000E+00 , 3.0000000E+04 , 5.0000000E+01 , 2.0000000E+01 , 0.0000000E+00 , P
        33 , +2.173106482E+12 , +0.000000000E+00 , +0.000000000E+00 , 3.0000000E+04 , 5.0000000E+01 , 2.0000000E+01 , 0.0000000E+00 , P
        34 , +2.226109079E+12 , +0.000000000E+00 , +0.000000000E+00 , 3.0000000E+04 , 5.0000000E+01 , 2.0000000E+01 , 0.0000000E+00 , P
        35 , +2.279111676E+12 , +0.000000000E+00 , +0.000000000E+00 , 3.0000000E+04 , 5.0000000E+01 , 2.0000000E+01 , 0.0000000E+00 , P
        36 , +2.332114274E+12 , +0.000000000E+00 , +0.000000000E+00 , 3.0000000E+04 , 5.0000000E+01 , 2.0000000E+01 , 0.0000000E+00 , P
        37 , +2.385116871E+12 , +0.000000000E+00 , +0.000000000E+00 , 3.0000000E+04 , 5.0000000E+01 , 2.0000000E+01 , 0.0000000E+00 , P
        38 , +2.438119468E+12 , +0.000000000E+00 , +0.000000000E+00 , 3.0000000E+04 , 5.0000000E+01 , 2.0000000E+01 , 0.0000000E+00 , P
        39 , +2.491122065E+12 , +0.000000000E+00 , +0.000000000E+00 , 3.0000000E+04 , 5.0000000E+01 , 2.0000000E+01 , 0.0000000E+00 , P
        40 , +2.544124662E+12 , +0.000000000E+00 , +0.000000000E+00 , 3.0000000E+04 , 5.0000000E+01 , 2.0000000E+01 , 0.0000000E+00 , P
        41 , +2.597127259E+12 , +0.000000000E+00 , +0.000000000E+00 , 3.0000000E+04 , 5.0000000E+01 , 2.0000000E+01 , 0.0000000E+00 , P
        42 , +2.650129856E+12 , +0.000000000E+00 , +0.000000000E+00 , 3.0000000E+04 , 5.0000000E+01 , 2.0000000E+01 , 0.0000000E+00 , P
        43 , +2.703132453E+12 , +0.000000000E+00 , +0.000000000E+00 , 3.0000000E+04 , 5.0000000E+01 , 2.0000000E+01 , 0.0000000E+00 , P
        44 , +2.756135051E+12 , +0.000000000E+00 , +0.000000000E+00 , 3.0000000E+04 , 5.0000000E+01 , 2.0000000E+01 , 0.0000000E+00 , P
        45 , +2.809137648E+12 , +0.000000000E+00 , +0.000000000E+00 , 3.0000000E+04 , 5.0000000E+01 , 2.0000000E+01 , 0.0000000E+00 , P
        46 , +2.862140245E+12 , +0.000000000E+00 , +0.000000000E+00 , 3.0000000E+04 , 5.0000000E+01 , 2.0000000E+01 , 0.0000000E+00 , P
        47 , +2.915142842E+12 , +0.000000000E+00 , +0.000000000E+00 , 3.0000000E+04 , 5.0000000E+01 , 2.0000000E+01 , 0.0000000E+00 , P
        48 , +2.968145439E+12 , +0.000000000E+00 , +0.000000000E+00 , 3.0000000E+04 , 5.0000000E+01 , 2.0000000E+01 , 0.0000000E+00 , P
        49 , +3.021148036E+12 , +0.000000000E+00 , +0.000000000E+00 , 3.0000000E+04 , 5.0000000E+01 , 2.0000000E+01 , 0.0000000E+00 , P
        50 , +3.074150633E+12 , +0.000000000E+00 , +0.000000000E+00 , 3.0000000E+04 , 5.0000000E+01 , 2.0000000E+01 , 0.0000000E+00 , P
        51 , +3.127153231E+12 , +0.000000000E+00 , +0.000000000E+00 , 3.0000000E+04 , 5.0000000E+01 , 2.0000000E+01 , 0.0000000E+00 , P
        52 , +3.180155828E+12 , +0.000000000E+00 , +0.000000000E+00 , 3.0000000E+04 , 5.0000000E+01 , 2.0000000E+01 , 0.0000000E+00 , P
        53 , +3.233158425E+12 , +0.000000000E+00 , +0.000000000E+00 , 3.0000000E+04 , 5.0000000E+01 , 2.0000000E+01 , 0.0000000E+00 , P
        54 , +3.286161022E+12 , +0.000000000E+00 , +0.000000000E+00 , 3.0000000E+04 , 5.0000000E+01 , 2.0000000E+01 , 0.0000000E+00 , P
        55 , +3.339163619E+12 , +0.000000000E+00 , +0.000000000E+00 , 3.0000000E+04 , 5.0000000E+01 , 2.0000000E+01 , 0.0000000E+00 , P
        56 , +3.392166216E+12 , +0.000000000E+00 , +0.000000000E+00 , 3.0000000E+04 , 5.0000000E+01 , 2.0000000E+01 , 0.0000000E+00 , P
        57 , +3.445168813E+12 , +0.000000000E+00 , +0.000000000E+00 , 3.0000000E+04 , 5.0000000E+01 , 2.0000000E+01 , 0.0000000E+00 , P
        58 , +3.498171410E+12 , +0.000000000E+00 , +0.000000000E+00 , 3.0000000E+04 , 5.0000000E+01 , 2.0000000E+01 , 0.0000000E+00 , P
        59 , +3.551174008E+12 , +0.000000000E+00 , +0.000000000E+00 , 3.0000000E+04 , 5.0000000E+01 , 2.0000000E+01 , 0.0000000E+00 , P
        60 , +3.604176605E+12 , +0.000000000E+00 , +0.000000000E+00 , 3.0000000E+04 , 5.0000000E+01 , 2.0000000E+01 , 0.0000000E+00 , P
        61 , +3.657179202E+12 , +0.000000000E+00 , +0.000000000E+00 , 3.0000000E+04 , 5.0000000E+01 , 2.0000000E+01 , 0.0000000E+00 , P
        62 , +3.710181799E+12 , +0.000000000E+00 , +0.000000000E+00 , 3.0000000E+04 , 5.0000000E+01 , 2.0000000E+01 , 0.0000000E+00 , P
        63 , +3.763184396E+12 , +0.000000000E+00 , +0.000000000E+00 , 3.0000000E+04 , 5.0000000E+01 , 2.0000000E+01 , 0.0000000E+00 , P
        64 , +3.816186993E+12 , +0.000000000E+00 , +0.000000000E+00 , 3.0000000E+04 , 5.0000000E+01 , 2.0000000E+01 , 0.0000000E+00 , P
        65 , +3.869189590E+12 , +0.000000000E+00 , +0.000000000E+00 , 3.0000000E+04 , 5.0000000E+01 , 2.0000000E+01 , 0.0000000E+00 , P
        66 , +3.922192187E+12 , +0.000000000E+00 , +0.000000000E+00 , 3.0000000E+04 , 5.0000000E+01 , 2.0000000E+01 , 0.0000000E+00 , P
        67 , +3.975194785E+12 , +0.000000000E+00 , +0.000000000E+00 , 3.0000000E+04 , 5.0000000E+01 , 2.0000000E+01 , 0.0000000E+00 , P
        68 , +4.028197382E+12 , +0.000000000E+00 , +0.000000000E+00 , 3.0000000E+04 , 5.0000000E+01 , 2.0000000E+01 , 0.0000000E+00 , P
        69 , +4.081199979E+12 , +0.000000000E+00 , +0.000000000E+00 , 3.0000000E+04 , 5.0000000E+01 , 2.0000000E+01 , 0.0000000E+00 , P
        70 , +4.134202576E+12 , +0.000000000E+00 , +0.000000000E+00 , 3.0000000E+04 , 5.0000000E+01 , 2.0000000E+01 , 0.0000000E+00 , P
        71 , +4.187205173E+12 , +0.000000000E+00 , +0.000000000E+00 , 3.0000000E+04 , 5.0000000E+01 , 2.0000000E+01 , 0.0000000E+00 , P
        72 , +4.240207770E+12 , +0.000000000E+00 , +0.000000000E+00 , 3.0000000E+04 , 5.0000000E+01 , 2.0000000E+01 , 0.0000000E+00 , P
        73 , +4.293210367E+12 , +0.000000000E+00 , +0.000000000E+00 , 3.0000000E+04 , 5.0000000E+01 , 2.0000000E+01 , 0.0000000E+00 , P
        74 , +4.346212964E+12 , +0.000000000E+00 , +0.000000000E+00 , 3.0000000E+04 , 5.0000000E+01 , 2.0000000E+01 , 0.0000000E+00 , P
        75 , +4.399215562E+12 , +0.000000000E+00 , +0.000000000E+00 , 3.0000000E+04 , 5.0000000E+01 , 2.0000000E+01 , 0.0000000E+00 , P
        76 , +4.452218159E+12 , +0.000000000E+00 , +0.000000000E+00 , 3.0000000E+04 , 5.0000000E+01 , 2.0000000E+01 , 0.0000000E+00 , P
        77 , +4.505220756E+12 , +0.000000000E+00 , +0.000000000E+00 , 3.0000000E+04 , 5.0000000E+01 , 2.0000000E+01 , 0.0000000E+00 , P
        78 , +4.558223353E+12 , +0.000000000E+00 , +0.000000000E+00 , 3.0000000E+04 , 5.0000000E+01 , 2.0000000E+01 , 0.0000000E+00 , P
        79 , +4.611225950E+12 , +0.000000000E+00 , +0.000000000E+00 , 3.0000000E+04 , 5.0000000E+01 , 2.0000000E+01 , 0.0000000E+00 , P
        80 , +4.664228547E+12 , +0.000000000E+00 , +0.000000000E+00 , 3.0000000E+04 , 5.0000000E+01 , 2.0000000E+01 , 0.0000000E+00 , P
        81 , +4.717231144E+12 , +0.000000000E+00 , +0.000000000E+00 , 3.0000000E+04 , 5.0000000E+01 , 2.0000000E+01 , 0.0000000E+00 , P
        82 , +4.770233741E+12 , +0.000000000E+00 , +0.000000000E+00 , 3.0000000E+04 , 5.0000000E+01 , 2.0000000E+01 , 0.0000000E+00 , P
        83 , +4.823236339E+12 , +0.000000000E+00 , +0.000000000E+00 , 3.0000000E+04 , 5.0000000E+01 , 2.0000000E+01 , 0.0000000E+00 , P
        84 , +4.876238936E+12 , +0.000000000E+00 , +0.000000000E+00 , 3.0000000E+04 , 5.0000000E+01 , 2.0000000E+01 , 0.0000000E+00 , P
        85 , +4.929241533E+12 , +0.000000000E+00 , +0.000000000E+00 , 3.0000000E+04 , 5.0000000E+01 , 2.0000000E+01 , 0.0000000E+00 , P
        86 , +4.982244130E+12 , +0.000000000E+00 , +0.000000000E+00 , 3.0000000E+04 , 5.0000000E+01 , 2.0000000E+01 , 0.0000000E+00 , P
        87 , +5.035246727E+12 , +0.000000000E+00 , +0.000000000E+00 , 3.0000000E+04 , 5.0000000E+01 , 2.0000000E+01 , 0.0000000E+00 , P
        88 , +5.088249324E+12 , +0.000000000E+00 , +0.000000000E+00 , 3.0000000E+04 , 5.0000000E+01 , 2.0000000E+01 , 0.0000000E+00 , P
        89 , +5.141251921E+12 , +0.000000000E+00 , +0.000000000E+00 , 3.0000000E+04 , 5.0000000E+01 , 2.0000000E+01 , 0.0000000E+00 , P
        90 , +5.194254518E+12 , +0.000000000E+00 , +0.000000000E+00 , 3.0000000E+04 , 5.0000000E+01 , 2.0000000E+01 , 0.0000000E+00 , P
        91 , +5.247257116E+12 , +0.000000000E+00 , +0.000000000E+00 , 3.0000000E+04 , 5.0000000E+01 , 2.0000000E+01 , 0.0000000E+00 , P
        92 , +5.300259713E+12 , +0.000000000E+00 , +0.000000000E+00 , 3.0000000E+04 , 5.0000000E+01 , 2.0000000E+01 , 0.0000000E+00 , P
        93 , +5.830285684E+12 , +0.000000000E+00 , +0.000000000E+00 , 3.0000000E+04 , 5.0000000E+01 , 2.0000000E+01 , 0.0000000E+00 , P
        94 , +6.360311655E+12 , +0.000000000E+00 , +0.000000000E+00 , 3.0000000E+04 , 5.0000000E+01 , 2.0000000E+01 , 0.0000000E+00 , P
        95 , +6.890337627E+12 , +0.000000000E+00 , +0.000000000E+00 , 3.0000000E+04 , 5.0000000E+01 , 2.0000000E+01 , 0.0000000E+00 , P
        96 , +7.420363598E+12 , +0.000000000E+00 , +0.000000000E+00 , 3.0000000E+04 , 5.0000000E+01 , 2.0000000E+01 , 0.0000000E+00 , P
        97 , +7.950389569E+12 , +0.000000000E+00 , +0.000000000E+00 , 3.0000000E+04 , 5.0000000E+01 , 2.0000000E+01 , 0.0000000E+00 , P
        98 , +8.480415540E+12 , +0.000000000E+00 , +0.000000000E+00 , 3.0000000E+04 , 5.0000000E+01 , 2.0000000E+01 , 0.0000000E+00 , P
        99 , +9.010441512E+12 , +0.000000000E+00 , +0.000000000E+00 , 3.0000000E+04 , 5.0000000E+01 , 2.0000000E+01 , 0.0000000E+00 , P
       100 , +9.540467483E+12 , +0.000000000E+00 , +0.000000000E+00 , 3.0000000E+04 , 5.0000000E+01 , 2.0000000E+01 , 0.0000000E+00 , P
       101 , +1.007049345E+13 , +0.000000000E+00 , +0.000000000E+00 , 3.0000000E+04 , 5.0000000E+01 , 2.0000000E+01 , 0.0000000E+00 , P
       102 , +1.060051943E+13 , +0.000000000E+00 , +0.000000000E+00 , 3.0000000E+04 , 5.0000000E+01 , 2.0000000E+01 , 0.0000000E+00 , P
       103 , +1.113054540E+13 , +0.000000000E+00 , +0.000000000E+00 , 3.0000000E+04 , 5.0000000E+01 , 2.0000000E+01 , 0.0000000E+00 , P
       104 , +1.166057137E+13 , +0.000000000E+00 , +0.000000000E+00 , 3.0000000E+04 , 5.0000000E+01 , 2.0000000E+01 , 0.0000000E+00 , P
       105 , +1.219059734E+13 , +0.000000000E+00 , +0.000000000E+00 , 3.0000000E+04 , 5.0000000E+01 , 2.0000000E+01 , 0.0000000E+00 , P
       106 , +1.272062331E+13 , +0.000000000E+00 , +0.000000000E+00 , 3.0000000E+04 , 5.0000000E+01 , 2.0000000E+01 , 0.0000000E+00 , P
       107 , +1.325064928E+13 , +0.000000000E+00 , +0.000000000E+00 , 3.0000000E+04 , 5.0000000E+01 , 2.0000000E+01 , 0.0000000E+00 , P
       108 , +1.378067525E+13 , +0.000000000E+00 , +0.000000000E+00 , 3.0000000E+04 , 5.0000000E+01 , 2.0000000E+01 , 0.0000000E+00 , P
       109 , +1.431070122E+13 , +0.000000000E+00 , +0.000000000E+00 , 3.0000000E+04 , 5.0000000E+01 , 2.0000000E+01 , 0.0000000E+00 , P
       110 , +1.484072720E+13 , +0.000000000E+00 , +0.000000000E+00 , 3.0000000E+04 , 5.0000000E+01 , 2.0000000E+01 , 0.0000000E+00 , P
       111 , +1.537075317E+13 , +0.000000000E+00 , +0.000000000E+00 , 3.0000000E+04 , 5.0000000E+01 , 2.0000000E+01 , 0.0000000E+00 , P
       112 , +1.590077914E+13 , +0.000000000E+00 , +0.000000000E+00 , 3.0000000E+04 , 5.0000000E+01 , 2.0000000E+01 , 0.0000000E+00 , P
       113 , +1.643080511E+13 , +0.000000000E+00 , +0.000000000E+00 , 3.0000000E+04 , 5.0000000E+01 , 2.0000000E+01 , 0.0000000E+00 , P
       114 , +1.696083108E+13 , +0.000000000E+00 , +0.000000000E+00 , 3.0000000E+04 , 5.0000000E+01 , 2.0000000E+01 , 0.0000000E+00 , P
       115 , +1.749085705E+13 , +0.000000000E+00 , +0.000000000E+00 , 3.0000000E+04 , 5.0000000E+01 , 2.0000000E+01 , 0.0000000E+00 , P
       116 , +1.802088302E+13 , +0.000000000E+00 , +0.000000000E+00 , 3.0000000E+04 , 5.0000000E+01 , 2.0000000E+01 , 0.0000000E+00 , P
       117 , +1.855090899E+13 , +0.000000000E+00 , +0.000000000E+00 , 3.0000000E+04 , 5.0000000E+01 , 2.0000000E+01 , 0.0000000E+00 , P
       118 , +1.908093497E+13 , +0.000000000E+00 , +0.000000000E+00 , 3.0000000E+04 , 5.0000000E+01 , 2.0000000E+01 , 0.0000000E+00 , P
       119 , +1.961096094E+13 , +0.000000000E+00 , +0.000000000E+00 , 3.0000000E+04 , 5.0000000E+01 , 2.0000000E+01 , 0.0000000E+00 , P
       120 , +2.014098691E+13 , +0.000000000E+00 , +0.000000000E+00 , 3.0000000E+04 , 5.0000000E+01 , 2.0000000E+01 , 0.0000000E+00 , P
       121 , +2.067101288E+13 , +0.000000000E+00 , +0.000000000E+00 , 3.0000000E+04 , 5.0000000E+01 , 2.0000000E+01 , 0.0000000E+00 , P
       122 , +2.120103885E+13 , +0.000000000E+00 , +0.000000000E+00 , 3.0000000E+04 , 5.0000000E+01 , 2.0000000E+01 , 0.0000000E+00 , P
       123 , +2.173106482E+13 , +0.000000000E+00 , +0.000000000E+00 , 3.0000000E+04 , 5.0000000E+01 , 2.0000000E+01 , 0.0000000E+00 , P
       124 , +2.226109079E+13 , +0.000000000E+00 , +0.000000000E+00 , 3.0000000E+04 , 5.0000000E+01 , 2.0000000E+01 , 0.0000000E+00 , P
       125 , +2.279111676E+13 , +0.000000000E+00 , +0.000000000E+00 , 3.0000000E+04 , 5.0000000E+01 , 2.0000000E+01 , 0.0000000E+00 , P
       126 , +2.332114274E+13 , +0.000000000E+00 , +0.000000000E+00 , 3.0000000E+04 , 5.0000000E+01 , 2.0000000E+01 , 0.0000000E+00 , P
       127 , +2.385116871E+13 , +0.000000000E+00 , +0.000000000E+00 , 3.0000000E+04 , 5.0000000E+01 , 2.0000000E+01 , 0.0000000E+00 , P
       128 , +2.438119468E+13 , +0.000000000E+00 , +0.000000000E+00 , 3.0000000E+04 , 5.0000000E+01 , 2.0000000E+01 , 0.0000000E+00 , P
       129 , +2.491122065E+13 , +0.000000000E+00 , +0.000000000E+00 , 3.0000000E+04 , 5.0000000E+01 , 2.0000000E+01 , 0.0000000E+00 , P
       130 , +2.544124662E+13 , +0.000000000E+00 , +0.000000000E+00 , 3.0000000E+04 , 5.0000000E+01 , 2.0000000E+01 , 0.0000000E+00 , P
       131 , +2.597127259E+13 , +0.000000000E+00 , +0.000000000E+00 , 3.0000000E+04 , 5.0000000E+01 , 2.0000000E+01 , 0.0000000E+00 , P
       132 , +2.650129856E+13 , +0.000000000E+00 , +0.000000000E+00 , 3.0000000E+04 , 5.0000000E+01 , 2.0000000E+01 , 0.0000000E+00 , P
       133 , +2.703132453E+13 , +0.000000000E+00 , +0.000000000E+00 , 3.0000000E+04 , 5.0000000E+01 , 2.0000000E+01 , 0.0000000E+00 , P
       134 , +2.756135051E+13 , +0.000000000E+00 , +0.000000000E+00 , 3.0000000E+04 , 5.0000000E+01 , 2.0000000E+01 , 0.0000000E+00 , P
       135 , +2.809137648E+13 , +0.000000000E+00 , +0.000000000E+00 , 3.0000000E+04 , 5.0000000E+01 , 2.0000000E+01 , 0.0000000E+00 , P
       136 , +2.862140245E+13 , +0.000000000E+00 , +0.000000000E+00 , 3.0000000E+04 , 5.0000000E+01 , 2.0000000E+01 , 0.0000000E+00 , P
       137 , +2.915142842E+13 , +0.000000000E+00 , +0.000000000E+00 , 3.0000000E+04 , 5.0000000E+01 , 2.0000000E+01 , 0.0000000E+00 , P
       138 , +2.968145439E+13 , +0.000000000E+00 , +0.000000000E+00 , 3.0000000E+04 , 5.0000000E+01 , 2.0000000E+01 , 0.0000000E+00 , P
       139 , +3.021148036E+13 , +0.000000000E+00 , +0.000000000E+00 , 3.0000000E+04 , 5.0000000E+01 , 2.0000000E+01 , 0.0000000E+00 , P
       140 , +3.074150633E+13 , +0.000000000E+00 , +0.000000000E+00 , 3.0000000E+04 , 5.0000000E+01 , 2.0000000E+01 , 0.0000000E+00 , P
       141 , +3.127153231E+13 , +0.000000000E+00 , +0.000000000E+00 , 3.0000000E+04 , 5.0000000E+01 , 2.0000000E+01 , 0.0000000E+00 , P
       142 , +3.180155828E+13 , +0.000000000E+00 , +0.000000000E+00 , 3.0000000E+04 , 5.0000000E+01 , 2.0000000E+01 , 0.0000000E+00 , P
       143 , +3.233158425E+13 , +0.000000000E+00 , +0.000000000E+00 , 3.0000000E+04 , 5.0000000E+01 , 2.0000000E+01 , 0.0000000E+00 , P
       144 , +3.286161022E+13 , +0.000000000E+00 , +0.000000000E+00 , 3.0000000E+04 , 5.0000000E+01 , 2.0000000E+01 , 0.0000000E+00 , P
       145 , +3.339163619E+13 , +0.000000000E+00 , +0.000000000E+00 , 3.0000000E+04 , 5.0000000E+01 , 2.0000000E+01 , 0.0000000E+00 , P
       146 , +3.392166216E+13 , +0.000000000E+00 , +0.000000000E+00 , 3.0000000E+04 , 5.0000000E+01 , 2.0000000E+01 , 0.0000000E+00 , P
       147 , +3.445168813E+13 , +0.000000000E+00 , +0.000000000E+00 , 3.0000000E+04 , 5.0000000E+01 , 2.0000000E+01 , 0.0000000E+00 , P
       148 , +3.498171410E+13 , +0.000000000E+00 , +0.000000000E+00 , 3.0000000E+04 , 5.0000000E+01 , 2.0000000E+01 , 0.0000000E+00 , P
       149 , +3.551174008E+13 , +0.000000000E+00 , +0.000000000E+00 , 3.0000000E+04 , 5.0000000E+01 , 2.0000000E+01 , 0.0000000E+00 , P
       150 , +3.604176605E+13 , +0.000000000E+00 , +0.000000000E+00 , 3.0000000E+04 , 5.0000000E+01 , 2.0000000E+01 , 0.0000000E+00 , P
       151 , +3.657179202E+13 , +0.000000000E+00 , +0.000000000E+00 , 3.0000000E+04 , 5.0000000E+01 , 2.0000000E+01 , 0.0000000E+00 , P
       152 , +3.710181799E+13 , +0.000000000E+00 , +0.000000000E+00 , 3.0000000E+04 , 5.0000000E+01 , 2.0000000E+01 , 0.0000000E+00 , P
       153 , +3.763184396E+13 , +0.000000000E+00 , +0.000000000E+00 , 3.0000000E+04 , 5.0000000E+01 , 2.0000000E+01 , 0.0000000E+00 , P
       154 , +3.816186993E+13 , +0.000000000E+00 , +0.000000000E+00 , 3.0000000E+04 , 5.0000000E+01 , 2.0000000E+01 , 0.0000000E+00 , P
       155 , +3.869189590E+13 , +0.000000000E+00 , +0.000000000E+00 , 3.0000000E+04 , 5.0000000E+01 , 2.0000000E+01 , 0.0000000E+00 , P
       156 , +3.922192187E+13 , +0.000000000E+00 , +0.000000000E+00 , 3.0000000E+04 , 5.0000000E+01 , 2.0000000E+01 , 0.0000000E+00 , P
       157 , +3.975194785E+13 , +0.000000000E+00 , +0.000000000E+00 , 3.0000000E+04 , 5.0000000E+01 , 2.0000000E+01 , 0.0000000E+00 , P
       158 , +4.028197382E+13 , +0.000000000E+00 , +0.000000000E+00 , 3.0000000E+04 , 5.0000000E+01 , 2.0000000E+01 , 0.0000000E+00 , P
       159 , +4.081199979E+13 , +0.000000000E+00 , +0.000000000E+00 , 3.0000000E+04 , 5.0000000E+01 , 2.0000000E+01 , 0.0000000E+00 , P
       160 , +4.134202576E+13 , +0.000000000E+00 , +0.000000000E+00 , 3.0000000E+04 , 5.0000000E+01 , 2.0000000E+01 , 0.0000000E+00 , P
       161 , +4.187205173E+13 , +0.000000000E+00 , +0.000000000E+00 , 3.0000000E+04 , 5.0000000E+01 , 2.0000000E+01 , 0.0000000E+00 , P
       162 , +4.240207770E+13 , +0.000000000E+00 , +0.000000000E+00 , 3.0000000E+04 , 5.0000000E+01 , 2.0000000E+01 , 0.0000000E+00 , P
       163 , +4.293210367E+13 , +0.000000000E+00 , +0.000000000E+00 , 3.0000000E+04 , 5.0000000E+01 , 2.0000000E+01 , 0.0000000E+00 , P
       164 , +4.346212964E+13 , +0.000000000E+00 , +0.000000000E+00 , 3.0000000E+04 , 5.0000000E+01 , 2.0000000E+01 , 0.0000000E+00 , P
       165 , +4.399215562E+13 , +0.000000000E+00 , +0.000000000E+00 , 3.0000000E+04 , 5.0000000E+01 , 2.0000000E+01 , 0.0000000E+00 , P
       166 , +4.452218159E+13 , +0.000000000E+00 , +0.000000000E+00 , 3.0000000E+04 , 5.0000000E+01 , 2.0000000E+01 , 0.0000000E+00 , P
       167 , +4.505220756E+13 , +0.000000000E+00 , +0.000000000E+00 , 3.0000000E+04 , 5.0000000E+01 , 2.0000000E+01 , 0.0000000E+00 , P
       168 , +4.558223353E+13 , +0.000000000E+00 , +0.000000000E+00 , 3.0000000E+04 , 5.0000000E+01 , 2.0000000E+01 , 0.0000000E+00 , P
       169 , +4.611225950E+13 , +0.000000000E+00 , +0.000000000E+00 , 3.0000000E+04 , 5.0000000E+01 , 2.0000000E+01 , 0.0000000E+00 , P
       170 , +4.664228547E+13 , +0.000000000E+00 , +0.000000000E+00 , 3.0000000E+04 , 5.0000000E+01 , 2.0000000E+01 , 0.0000000E+00 , P
       171 , +4.717231144E+13 , +0.000000000E+00 , +0.000000000E+00 , 3.0000000E+04 , 5.0000000E+01 , 2.0000000E+01 , 0.0000000E+00 , P
       172 , +4.770233741E+13 , +0.000000000E+00 , +0.000000000E+00 , 3.0000000E+04 , 5.0000000E+01 , 2.0000000E+01 , 0.0000000E+00 , P
       173 , +4.823236339E+13 , +0.000000000E+00 , +0.000000000E+00 , 3.0000000E+04 , 5.0000000E+01 , 2.0000000E+01 , 0.0000000E+00 , P
       174 , +4.876238936E+13 , +0.000000000E+00 , +0.000000000E+00 , 3.0000000E+04 , 5.0000000E+01 , 2.0000000E+01 , 0.0000000E+00 , P
       175 , +4.929241533E+13 , +0.000000000E+00 , +0.000000000E+00 , 3.0000000E+04 , 5.0000000E+01 , 2.0000000E+01 , 0.0000000E+00 , P
       176 , +4.982244130E+13 , +0.000000000E+00 , +0.000000000E+00 , 3.0000000E+04 , 5.0000000E+01 , 2.0000000E+01 , 0.0000000E+00 , P
       177 , +5.035246727E+13 , +0.000000000E+00 , +0.000000000E+00 , 3.0000000E+04 , 5.0000000E+01 , 2.0000000E+01 , 0.0000000E+00 , P
       178 , +5.088249324E+13 , +0.000000000E+00 , +0.000000000E+00 , 3.0000000E+04 , 5.0000000E+01 , 2.0000000E+01 , 0.0000000E+00 , P
       179 , +5.141251921E+13 , +0.000000000E+00 , +0.000000000E+00 , 3.0000000E+04 , 5.0000000E+01 , 2.0000000E+01 , 0.0000000E+00 , P
       180 , +5.194254518E+13 , +0.000000000E+00 , +0.000000000E+00 , 3.0000000E+04 , 5.0000000E+01 , 2.0000000E+01 , 0.0000000E+00 , P
       181 , +5.247257116E+13 , +0.000000000E+00 , +0.000000000E+00 , 3.0000000E+04 , 5.0000000E+01 , 2.0000000E+01 , 0.0000000E+00 , P
       182 , +5.300259713E+13 , +0.000000000E+00 , +0.000000000E+00 , 3.0000000E+04 , 5.0000000E+01 , 2.0000000E+01 , 0.0000000E+00 , P
       183 , +5.830285684E+13 , +0.000000000E+00 , +0.000000000E+00 , 3.0000000E+04 , 5.0000000E+01 , 2.0000000E+01 , 0.0000000E+00 , P
       184 , +6.360311655E+13 , +0.000000000E+00 , +0.000000000E+00 , 3.0000000E+04 , 5.0000000E+01 , 2.0000000E+01 , 0.0000000E+00 , P
       185 , +6.890337627E+13 , +0.000000000E+00 , +0.000000000E+00 , 3.0000000E+04 , 5.0000000E+01 , 2.0000000E+01 , 0.0000000E+00 , P
       186 , +7.420363598E+13 , +0.000000000E+00 , +0.000000000E+00 , 3.0000000E+04 , 5.0000000E+01 , 2.0000000E+01 , 0.0000000E+00 , P
       187 , +7.950389569E+13 , +0.000000000E+00 , +0.000000000E+00 , 3.0000000E+04 , 5.0000000E+01 , 2.0000000E+01 , 0.0000000E+00 , P
       188 , +8.480415540E+13 , +0.000000000E+00 , +0.000000000E+00 , 3.0000000E+04 , 5.0000000E+01 , 2.0000000E+01 , 0.0000000E+00 , P
       189 , +9.010441512E+13 , +0.000000000E+00 , +0.000000000E+00 , 3.0000000E+04 , 5.0000000E+01 , 2.0000000E+01 , 0.0000000E+00 , P
       190 , +9.540467483E+13 , +0.000000000E+00 , +0.000000000E+00 , 3.0000000E+04 , 5.0000000E+01 , 2.0000000E+01 , 0.0000000E+00 , P
       191 , +1.007049345E+14 , +0.000000000E+00 , +0.000000000E+00 , 3.0000000E+04 , 5.0000000E+01 , 2.0000000E+01 , 0.0000000E+00 , P
       192 , +1.060051943E+14 , +0.000000000E+00 , +0.000000000E+00 , 3.0000000E+04 , 5.0000000E+01 , 2.0000000E+01 , 0.0000000E+00 , P
       193 , +1.113054540E+14 , +0.000000000E+00 , +0.000000000E+00 , 3.0000000E+04 , 5.0000000E+01 , 2.0000000E+01 , 0.0000000E+00 , P
       194 , +1.166057137E+14 , +0.000000000E+00 , +0.000000000E+00 , 3.0000000E+04 , 5.0000000E+01 , 2.0000000E+01 , 0.0000000E+00 , P
       195 , +1.219059734E+14 , +0.000000000E+00 , +0.000000000E+00 , 3.0000000E+04 , 5.0000000E+01 , 2.0000000E+01 , 0.0000000E+00 , P
       196 , +1.272062331E+14 , +0.000000000E+00 , +0.000000000E+00 , 3.0000000E+04 , 5.0000000E+01 , 2.0000000E+01 , 0.0000000E+00 , P
       197 , +1.325064928E+14 , +0.000000000E+00 , +0.000000000E+00 , 3.0000000E+04 , 5.0000000E+01 , 2.0000000E+01 , 0.0000000E+00 , P
       198 , +1.378067525E+14 , +0.000000000E+00 , +0.000000000E+00 , 3.0000000E+04 , 5.0000000E+01 , 2.0000000E+01 , 0.0000000E+00 , P
       199 , +1.431070122E+14 , +0.000000000E+00 , +0.000000000E+00 , 3.0000000E+04 , 5.0000000E+01 , 2.0000000E+01 , 0.0000000E+00 , P
       200 , +1.484072720E+14 , +0.000000000E+00 , +0.000000000E+00 , 3.0000000E+04 , 5.0000000E+01 , 2.0000000E+01 , 0.0000000E+00 , P
       201 , +1.537075317E+14 , +0.000000000E+00 , +0.000000000E+00 , 3.0000000E+04 , 5.0000000E+01 , 2.0000000E+01 , 0.0000000E+00 , P
       202 , +1.590077914E+14 , +0.000000000E+00 , +0.000000000E+00 , 3.0000000E+04 , 5.0000000E+01 , 2.0000000E+01 , 0.0000000E+00 , P
       203 , +1.643080511E+14 , +0.000000000E+00 , +0.000000000E+00 , 3.0000000E+04 , 5.0000000E+01 , 2.0000000E+01 , 0.0000000E+00 , P
       204 , +1.696083108E+14 , +0.000000000E+00 , +0.000000000E+00 , 3.0000000E+04 , 5.0000000E+01 , 2.0000000E+01 , 0.0000000E+00 , P
       205 , +1.749085705E+14 , +0.000000000E+00 , +0.000000000E+00 , 3.0000000E+04 , 5.0000000E+01 , 2.0000000E+01 , 0.0000000E+00 , P
       206 , +1.802088302E+14 , +0.000000000E+00 , +0.000000000E+00 , 3.0000000E+04 , 5.0000000E+01 , 2.0000000E+01 , 0.0000000E+00 , P
       207 , +1.855090899E+14 , +0.000000000E+00 , +0.000000000E+00 , 3.0000000E+04 , 5.0000000E+01 , 2.0000000E+01 , 0.0000000E+00 , P
       208 , +1.908093497E+14 , +0.000000000E+00 , +0.000000000E+00 , 3.0000000E+04 , 5.0000000E+01 , 2.0000000E+01 , 0.0000000E+00 , P
       209 , +1.961096094E+14 , +0.000000000E+00 , +0.000000000E+00 , 3.0000000E+04 , 5.0000000E+01 , 2.0000000E+01 , 0.0000000E+00 , P
       210 , +2.014098691E+14 , +0.000000000E+00 , +0.000000000E+00 , 3.0000000E+04 , 5.0000000E+01 , 2.0000000E+01 , 0.0000000E+00 , P
       211 , +2.067101288E+14 , +0.000000000E+00 , +0.000000000E+00 , 3.0000000E+04 , 5.0000000E+01 , 2.0000000E+01 , 0.0000000E+00 , P
       212 , +2.120103885E+14 , +0.000000000E+00 , +0.000000000E+00 , 3.0000000E+04 , 5.0000000E+01 , 2.0000000E+01 , 0.0000000E+00 , P
       213 , +2.173106482E+14 , +0.000000000E+00 , +0.000000000E+00 , 3.0000000E+04 , 5.0000000E+01 , 2.0000000E+01 , 0.0000000E+00 , P
       214 , +2.226109079E+14 , +0.000000000E+00 , +0.000000000E+00 , 3.0000000E+04 , 5.0000000E+01 , 2.0000000E+01 , 0.0000000E+00 , P
       215 , +2.279111676E+14 , +0.000000000E+00 , +0.000000000E+00 , 3.0000000E+04 , 5.0000000E+01 , 2.0000000E+01 , 0.0000000E+00 , P
       216 , +2.332114274E+14 , +0.000000000E+00 , +0.000000000E+00 , 3.0000000E+04 , 5.0000000E+01 , 2.0000000E+01 , 0.0000000E+00 , P
       217 , +2.385116871E+14 , +0.000000000E+00 , +0.000000000E+00 , 3.0000000E+04 , 5.0000000E+01 , 2.0000000E+01 , 0.0000000E+00 , P
       218 , +2.438119468E+14 , +0.000000000E+00 , +0.000000000E+00 , 3.0000000E+04 , 5.0000000E+01 , 2.0000000E+01 , 0.0000000E+00 , P
       219 , +2.491122065E+14 , +0.000000000E+00 , +0.000000000E+00 , 3.0000000E+04 , 5.0000000E+01 , 2.0000000E+01 , 0.0000000E+00 , P
       220 , +2.544124662E+14 , +0.000000000E+00 , +0.000000000E+00 , 3.0000000E+04 , 5.0000000E+01 , 2.0000000E+01 , 0.0000000E+00 , P
       221 , +2.597127259E+14 , +0.000000000E+00 , +0.000000000E+00 , 3.0000000E+04 , 5.0000000E+01 , 2.0000000E+01 , 0.0000000E+00 , P
       222 , +2.650129856E+14 , +0.000000000E+00 , +0.000000000E+00 , 3.0000000E+04 , 5.0000000E+01 , 2.0000000E+01 , 0.0000000E+00 , P
       223 , +2.703132453E+14 , +0.000000000E+00 , +0.000000000E+00 , 3.0000000E+04 , 5.0000000E+01 , 2.0000000E+01 , 0.0000000E+00 , P
       224 , +2.756135051E+14 , +0.000000000E+00 , +0.000000000E+00 , 3.0000000E+04 , 5.0000000E+01 , 2.0000000E+01 , 0.0000000E+00 , P
       225 , +2.809137648E+14 , +0.000000000E+00 , +0.000000000E+00 , 3.0000000E+04 , 5.0000000E+01 , 2.0000000E+01 , 0.0000000E+00 , P
       226 , +2.862140245E+14 , +0.000000000E+00 , +0.000000000E+00 , 3.0000000E+04 , 5.0000000E+01 , 2.0000000E+01 , 0.0000000E+00 , P
       227 , +2.915142842E+14 , +0.000000000E+00 , +0.000000000E+00 , 3.0000000E+04 , 5.0000000E+01 , 2.0000000E+01 , 0.0000000E+00 , P
       228 , +2.968145439E+14 , +0.000000000E+00 , +0.000000000E+00 , 3.0000000E+04 , 5.0000000E+01 , 2.0000000E+01 , 0.0000000E+00 , P
       229 , +3.021148036E+14 , +0.000000000E+00 , +0.000000000E+00 , 3.0000000E+04 , 5.0000000E+01 , 2.0000000E+01 , 0.0000000E+00 , P
       230 , +3.074150633E+14 , +0.000000000E+00 , +0.000000000E+00 , 3.0000000E+04 , 5.0000000E+01 , 2.0000000E+01 , 0.0000000E+00 , P
       231 , +3.127153231E+14 , +0.000000000E+00 , +0.000000000E+00 , 3.0000000E+04 , 5.0000000E+01 , 2.0000000E+01 , 0.0000000E+00 , P
       232 , +3.180155828E+14 , +0.000000000E+00 , +0.000000000E+00 , 3.0000000E+04 , 5.0000000E+01 , 2.0000000E+01 , 0.0000000E+00 , P
       233 , +3.233158425E+14 , +0.000000000E+00 , +0.000000000E+00 , 3.0000000E+04 , 5.0000000E+01 , 2.0000000E+01 , 0.0000000E+00 , P
       234 , +3.286161022E+14 , +0.000000000E+00 , +0.000000000E+00 , 3.0000000E+04 , 5.0000000E+01 , 2.0000000E+01 , 0.0000000E+00 , P
       235 , +3.339163619E+14 , +0.000000000E+00 , +0.000000000E+00 , 3.0000000E+04 , 5.0000000E+01 , 2.0000000E+01 , 0.0000000E+00 , P
       236 , +3.392166216E+14 , +0.000000000E+00 , +0.000000000E+00 , 3.0000000E+04 , 5.0000000E+01 , 2.0000000E+01 , 0.0000000E+00 , P
       237 , +3.445168813E+14 , +0.000000000E+00 , +0.000000000E+00 , 3.0000000E+04 , 5.0000000E+01 , 2.0000000E+01 , 0.0000000E+00 , P
       238 , +3.498171410E+14 , +0.000000000E+00 , +0.000000000E+00 , 3.0000000E+04 , 5.0000000E+01 , 2.0000000E+01 , 0.0000000E+00 , P
       239 , +3.551174008E+14 , +0.000000000E+00 , +0.000000000E+00 , 3.0000000E+04 , 5.0000000E+01 , 2.0000000E+01 , 0.0000000E+00 , P
       240 , +3.604176605E+14 , +0.000000000E+00 , +0.000000000E+00 , 3.0000000E+04 , 5.0000000E+01 , 2.0000000E+01 , 0.0000000E+00 , P
       241 , +3.657179202E+14 , +0.000000000E+00 , +0.000000000E+00 , 3.0000000E+04 , 5.0000000E+01 , 2.0000000E+01 , 0.0000000E+00 , P
       242 , +3.710181799E+14 , +0.000000000E+00 , +0.000000000E+00 , 3.0000000E+04 , 5.0000000E+01 , 2.0000000E+01 , 0.0000000E+00 , P
       243 , +3.763184396E+14 , +0.000000000E+00 , +0.000000000E+00 , 3.0000000E+04 , 5.0000000E+01 , 2.0000000E+01 , 0.0000000E+00 , P
       244 , +3.816186993E+14 , +0.000000000E+00 , +0.000000000E+00 , 3.0000000E+04 , 5.0000000E+01 , 2.0000000E+01 , 0.0000000E+00 , P
       245 , +3.869189590E+14 , +0.000000000E+00 , +0.000000000E+00 , 3.0000000E+04 , 5.0000000E+01 , 2.0000000E+01 , 0.0000000E+00 , P
       246 , +3.922192187E+14 , +0.000000000E+00 , +0.000000000E+00 , 3.0000000E+04 , 5.0000000E+01 , 2.0000000E+01 , 0.0000000E+00 , P
       247 , +3.975194785E+14 , +0.000000000E+00 , +0.000000000E+00 , 3.0000000E+04 , 5.0000000E+01 , 2.0000000E+01 , 0.0000000E+00 , P
       248 , +4.028197382E+14 , +0.000000000E+00 , +0.000000000E+00 , 3.0000000E+04 , 5.0000000E+01 , 2.0000000E+01 , 0.0000000E+00 , P
       249 , +4.081199979E+14 , +0.000000000E+00 , +0.000000000E+00 , 3.0000000E+04 , 5.0000000E+01 , 2.0000000E+01 , 0.0000000E+00 , P
       250 , +4.134202576E+14 , +0.000000000E+00 , +0.000000000E+00 , 3.0000000E+04 , 5.0000000E+01 , 2.0000000E+01 , 0.0000000E+00 , P
       251 , +4.187205173E+14 , +0.000000000E+00 , +0.000000000E+00 , 3.0000000E+04 , 5.0000000E+01 , 2.0000000E+01 , 0.0000000E+00 , P
       252 , +4.240207770E+14 , +0.000000000E+00 , +0.000000000E+00 , 3.0000000E+04 , 5.0000000E+01 , 2.0000000E+01 , 0.0000000E+00 , P
       253 , +4.293210367E+14 , +0.000000000E+00 , +0.000000000E+00 , 3.0000000E+04 , 5.0000000E+01 , 2.0000000E+01 , 0.0000000E+00 , P
       254 , +4.346212964E+14 , +0.000000000E+00 , +0.000000000E+00 , 3.0000000E+04 , 5.0000000E+01 , 2.0000000E+01 , 0.0000000E+00 , P
       255 , +4.399215562E+14 , +0.000000000E+00 , +0.000000000E+00 , 3.0000000E+04 , 5.0000000E+01 , 2.0000000E+01 , 0.0000000E+00 , P
       256 , +4.452218159E+14 , +0.000000000E+00 , +0.000000000E+00 , 3.0000000E+04 , 5.0000000E+01 , 2.0000000E+01 , 0.0000000E+00 , P
       257 , +4.505220756E+14 , +0.000000000E+00 , +0.000000000E+00 , 3.0000000E+04 , 5.0000000E+01 , 2.0000000E+01 , 0.0000000E+00 , P
       258 , +4.558223353E+14 , +0.000000000E+00 , +0.000000000E+00 , 3.0000000E+04 , 5.0000000E+01 , 2.0000000E+01 , 0.0000000E+00 , P
       259 , +4.611225950E+14 , +0.000000000E+00 , +0.000000000E+00 , 3.0000000E+04 , 5.0000000E+01 , 2.0000000E+01 , 0.0000000E+00 , P
       260 , +4.664228547E+14 , +0.000000000E+00 , +0.000000000E+00 , 3.0000000E+04 , 5.0000000E+01 , 2.0000000E+01 , 0.0000000E+00 , P
       261 , +4.717231144E+14 , +0.000000000E+00 , +0.000000000E+00 , 3.0000000E+04 , 5.0000000E+01 , 2.0000000E+01 , 0.0000000E+00 , P
       262 , +4.770233741E+14 , +0.000000000E+00 , +0.000000000E+00 , 3.0000000E+04 , 5.0000000E+01 , 2.0000000E+01 , 0.0000000E+00 , P
       263 , +4.823236339E+14 , +0.000000000E+00 , +0.000000000E+00 , 3.0000000E+04 , 5.0000000E+01 , 2.0000000E+01 , 0.0000000E+00 , P
       264 , +4.876238936E+14 , +0.000000000E+00 , +0.000000000E+00 , 3.0000000E+04 , 5.0000000E+01 , 2.0000000E+01 , 0.0000000E+00 , P
       265 , +4.929241533E+14 , +0.000000000E+00 , +0.000000000E+00 , 3.0000000E+04 , 5.0000000E+01 , 2.0000000E+01 , 0.0000000E+00 , P
       266 , +4.982244130E+14 , +0.000000000E+00 , +0.000000000E+00 , 3.0000000E+04 , 5.0000000E+01 , 2.0000000E+01 , 0.0000000E+00 , P
       267 , +5.035246727E+14 , +0.000000000E+00 , +0.000000000E+00 , 3.0000000E+04 , 5.0000000E+01 , 2.0000000E+01 , 0.0000000E+00 , P
       268 , +5.088249324E+14 , +0.000000000E+00 , +0.000000000E+00 , 3.0000000E+04 , 5.0000000E+01 , 2.0000000E+01 , 0.0000000E+00 , P
       269 , +5.141251921E+14 , +0.000000000E+00 , +0.000000000E+00 , 3.0000000E+04 , 5.0000000E+01 , 2.0000000E+01 , 0.0000000E+00 , P
       270 , +5.194254518E+14 , +0.000000000E+00 , +0.000000000E+00 , 3.0000000E+04 , 5.0000000E+01 , 2.0000000E+01 , 0.0000000E+00 , P
       271 , +5.247257116E+14 , +0.000000000E+00 , +0.000000000E+00 , 3.0000000E+04 , 5.0000000E+01 , 2.0000000E+01 , 0.0000000E+00 , P
       272 , +5.300259713E+14 , +0.000000000E+00 , +0.000000000E+00 , 3.0000000E+04 , 5.0000000E+01 , 2.0000000E+01 , 0.0000000E+00 , P
       273 , +5.830285684E+14 , +0.000000000E+00 , +0.000000000E+00 , 3.0000000E+04 , 5.0000000E+01 , 2.0000000E+01 , 0.0000000E+00 , P
       274 , +6.360311655E+14 , +0.000000000E+00 , +0.000000000E+00 , 3.0000000E+04 , 5.0000000E+01 , 2.0000000E+01 , 0.0000000E+00 , P
       275 , +6.890337627E+14 , +0.000000000E+00 , +0.000000000E+00 , 3.0000000E+04 , 5.0000000E+01 , 2.0000000E+01 , 0.0000000E+00 , P
       276 , +7.420363598E+14 , +0.000000000E+00 , +0.000000000E+00 , 3.0000000E+04 , 5.0000000E+01 , 2.0000000E+01 , 0.0000000E+00 , P
       277 , +7.950389569E+14 , +0.000000000E+00 , +0.000000000E+00 , 3.0000000E+04 , 5.0000000E+01 , 2.0000000E+01 , 0.0000000E+00 , P
       278 , +8.480415540E+14 , +0.000000000E+00 , +0.000000000E+00 , 3.0000000E+04 , 5.0000000E+01 , 2.0000000E+01 , 0.0000000E+00 , P
       279 , +9.010441512E+14 , +0.000000000E+00 , +0.000000000E+00 , 3.0000000E+04 , 5.0000000E+01 , 2.0000000E+01 , 0.0000000E+00 , P
       280 , +9.540467483E+14 , +0.000000000E+00 , +0.000000000E+00 , 3.0000000E+04 , 5.0000000E+01 , 2.0000000E+01 , 0.0000000E+00 , P
       281 , +1.007049345E+15 , +0.000000000E+00 , +0.000000000E+00 , 3.0000000E+04 , 5.0000000E+01 , 2.0000000E+01 , 0.0000000E+00 , P
       282 , +1.060051943E+15 , +0.000000000E+00 , +0.000000000E+00 , 3.0000000E+04 , 5.0000000E+01 , 2.0000000E+01 , 0.0000000E+00 , P
       283 , +1.113054540E+15 , +0.000000000E+00 , +0.000000000E+00 , 3.0000000E+04 , 5.0000000E+01 , 2.0000000E+01 , 0.0000000E+00 , P
       284 , +1.166057137E+15 , +0.000000000E+00 , +0.000000000E+00 , 3.0000000E+04 , 5.0000000E+01 , 2.0000000E+01 , 0.0000000E+00 , P
       285 , +1.219059734E+15 , +0.000000000E+00 , +0.000000000E+00 , 3.0000000E+04 , 5.0000000E+01 , 2.0000000E+01 , 0.0000000E+00 , P
       286 , +1.272062331E+15 , +0.000000000E+00 , +0.000000000E+00 , 3.0000000E+04 , 5.0000000E+01 , 2.0000000E+01 , 0.0000000E+00 , P
       287 , +1.325064928E+15 , +0.000000000E+00 , +0.000000000E+00 , 3.0000000E+04 , 5.0000000E+01 , 2.0000000E+01 , 0.0000000E+00 , P
       288 , +1.378067525E+15 , +0.000000000E+00 , +0.000000000E+00 , 3.0000000E+04 , 5.0000000E+01 , 2.0000000E+01 , 0.0000000E+00 , P
       289 , +1.431070122E+15 , +0.000000000E+00 , +0.000000000E+00 , 3.0000000E+04 , 5.0000000E+01 , 2.0000000E+01 , 0.0000000E+00 , P
       290 , +1.484072720E+15 , +0.000000000E+00 , +0.000000000E+00 , 3.0000000E+04 , 5.0000000E+01 , 2.0000000E+01 , 0.0000000E+00 , P
       291 , +1.537075317E+15 , +0.000000000E+00 , +0.000000000E+00 , 3.0000000E+04 , 5.0000000E+01 , 2.0000000E+01 , 0.0000000E+00 , P
       292 , +1.590077914E+15 , +0.000000000E+00 , +0.000000000E+00 , 3.0000000E+04 , 5.0000000E+01 , 2.0000000E+01 , 0.0000000E+00 , P
       293 , +1.643080511E+15 , +0.000000000E+00 , +0.000000000E+00 , 3.0000000E+04 , 5.0000000E+01 , 2.0000000E+01 , 0.0000000E+00 , P
       294 , +1.696083108E+15 , +0.000000000E+00 , +0.000000000E+00 , 3.0000000E+04 , 5.0000000E+01 , 2.0000000E+01 , 0.0000000E+00 , P
       295 , +1.749085705E+15 , +0.000000000E+00 , +0.000000000E+00 , 3.0000000E+04 , 5.0000000E+01 , 2.0000000E+01 , 0.0000000E+00 , P
       296 , +1.802088302E+15 , +0.000000000E+00 , +0.000000000E+00 , 3.0000000E+04 , 5.0000000E+01 , 2.0000000E+01 , 0.0000000E+00 , P
       297 , +1.855090899E+15 , +0.000000000E+00 , +0.000000000E+00 , 3.0000000E+04 , 5.0000000E+01 , 2.0000000E+01 , 0.0000000E+00 , P
       298 , +1.908093497E+15 , +0.000000000E+00 , +0.000000000E+00 , 3.0000000E+04 , 5.0000000E+01 , 2.0000000E+01 , 0.0000000E+00 , P
       299 , +1.961096094E+15 , +0.000000000E+00 , +0.000000000E+00 , 3.0000000E+04 , 5.0000000E+01 , 2.0000000E+01 , 0.0000000E+00 , P
       300 , +2.014098691E+15 , +0.000000000E+00 , +0.000000000E+00 , 3.0000000E+04 , 5.0000000E+01 , 2.0000000E+01 , 0.0000000E+00 , P
       301 , +2.067101288E+15 , +0.000000000E+00 , +0.000000000E+00 , 3.0000000E+04 , 5.0000000E+01 , 2.0000000E+01 , 0.0000000E+00 , P
       302 , +2.120103885E+15 , +0.000000000E+00 , +0.000000000E+00 , 3.0000000E+04 , 5.0000000E+01 , 2.0000000E+01 , 0.0000000E+00 , P
       303 , +2.173106482E+15 , +0.000000000E+00 , +0.000000000E+00 , 3.0000000E+04 , 5.0000000E+01 , 2.0000000E+01 , 0.0000000E+00 , P
       304 , +2.226109079E+15 , +0.000000000E+00 , +0.000000000E+00 , 3.0000000E+04 , 5.0000000E+01 , 2.0000000E+01 , 0.0000000E+00 , P
       305 , +2.279111676E+15 , +0.000000000E+00 , +0.000000000E+00 , 3.0000000E+04 , 5.0000000E+01 , 2.0000000E+01 , 0.0000000E+00 , P
       306 , +2.332114274E+15 , +0.000000000E+00 , +0.000000000E+00 , 3.0000000E+04 , 5.0000000E+01 , 2.0000000E+01 , 0.0000000E+00 , P
       307 , +2.385116871E+15 , +0.000000000E+00 , +0.000000000E+00 , 3.0000000E+04 , 5.0000000E+01 , 2.0000000E+01 , 0.0000000E+00 , P
       308 , +2.438119468E+15 , +0.000000000E+00 , +0.000000000E+00 , 3.0000000E+04 , 5.0000000E+01 , 2.0000000E+01 , 0.0000000E+00 , P
       309 , +2.491122065E+15 , +0.000000000E+00 , +0.000000000E+00 , 3.0000000E+04 , 5.0000000E+01 , 2.0000000E+01 , 0.0000000E+00 , P
       310 , +2.544124662E+15 , +0.000000000E+00 , +0.000000000E+00 , 3.0000000E+04 , 5.0000000E+01 , 2.0000000E+01 , 0.0000000E+00 , P
       311 , +2.597127259E+15 , +0.000000000E+00 , +0.000000000E+00 , 3.0000000E+04 , 5.0000000E+01 , 2.0000000E+01 , 0.0000000E+00 , P
       312 , +2.650129856E+15 , +0.000000000E+00 , +0.000000000E+00 , 3.0000000E+04 , 5.0000000E+01 , 2.0000000E+01 , 0.0000000E+00 , P
       313 , +2.703132453E+15 , +0.000000000E+00 , +0.000000000E+00 , 3.0000000E+04 , 5.0000000E+01 , 2.0000000E+01 , 0.0000000E+00 , P
       314 , +2.756135051E+15 , +0.000000000E+00 , +0.000000000E+00 , 3.0000000E+04 , 5.0000000E+01 , 2.0000000E+01 , 0.0000000E+00 , P
       315 , +2.809137648E+15 , +0.000000000E+00 , +0.000000000E+00 , 3.0000000E+04 , 5.0000000E+01 , 2.0000000E+01 , 0.0000000E+00 , P
       316 , +2.862140245E+15 , +0.000000000E+00 , +0.000000000E+00 , 3.0000000E+04 , 5.0000000E+01 , 2.0000000E+01 , 0.0000000E+00 , P
       317 , +2.915142842E+15 , +0.000000000E+00 , +0.000000000E+00 , 3.0000000E+04 , 5.0000000E+01 , 2.0000000E+01 , 0.0000000E+00 , P
       318 , +2.968145439E+15 , +0.000000000E+00 , +0.000000000E+00 , 3.0000000E+04 , 5.0000000E+01 , 2.0000000E+01 , 0.0000000E+00 , P
       319 , +3.021148036E+15 , +0.000000000E+00 , +0.000000000E+00 , 3.0000000E+04 , 5.0000000E+01 , 2.0000000E+01 , 0.0000000E+00 , P
       320 , +3.074150633E+15 , +0.000000000E+00 , +0.000000000E+00 , 3.0000000E+04 , 5.0000000E+01 , 2.0000000E+01 , 0.0000000E+00 , P
       321 , +3.127153231E+15 , +0.000000000E+00 , +0.000000000E+00 , 3.0000000E+04 , 5.0000000E+01 , 2.0000000E+01 , 0.0000000E+00 , P
       322 , +3.180155828E+15 , +0.000000000E+00 , +0.000000000E+00 , 3.0000000E+04 , 5.0000000E+01 , 2.0000000E+01 , 0.0000000E+00 , P
       323 , +3.233158425E+15 , +0.000000000E+00 , +0.000000000E+00 , 3.0000000E+04 , 5.0000000E+01 , 2.0000000E+01 , 0.0000000E+00 , P
       324 , +3.286161022E+15 , +0.000000000E+00 , +0.000000000E+00 , 3.0000000E+04 , 5.0000000E+01 , 2.0000000E+01 , 0.0000000E+00 , P
       325 , +3.339163619E+15 , +0.000000000E+00 , +0.000000000E+00 , 3.0000000E+04 , 5.0000000E+01 , 2.0000000E+01 , 0.0000000E+00 , P
       326 , +3.392166216E+15 , +0.000000000E+00 , +0.000000000E+00 , 3.0000000E+04 , 5.0000000E+01 , 2.0000000E+01 , 0.0000000E+00 , P
       327 , +3.445168813E+15 , +0.000000000E+00 , +0.000000000E+00 , 3.0000000E+04 , 5.0000000E+01 , 2.0000000E+01 , 0.0000000E+00 , P
       328 , +3.498171410E+15 , +0.000000000E+00 , +0.000000000E+00 , 3.0000000E+04 , 5.0000000E+01 , 2.0000000E+01 , 0.0000000E+00 , P
       329 , +3.551174008E+15 , +0.000000000E+00 , +0.000000000E+00 , 3.0000000E+04 , 5.0000000E+01 , 2.0000000E+01 , 0.0000000E+00 , P
       330 , +3.604176605E+15 , +0.000000000E+00 , +0.000000000E+00 , 3.0000000E+04 , 5.0000000E+01 , 2.0000000E+01 , 0.0000000E+00 , P
       331 , +3.657179202E+15 , +0.000000000E+00 , +0.000000000E+00 , 3.0000000E+04 , 5.0000000E+01 , 2.0000000E+01 , 0.0000000E+00 , P
       332 , +3.710181799E+15 , +0.000000000E+00 , +0.000000000E+00 , 3.0000000E+04 , 5.0000000E+01 , 2.0000000E+01 , 0.0000000E+00 , P
       333 , +3.763184396E+15 , +0.000000000E+00 , +0.000000000E+00 , 3.0000000E+04 , 5.0000000E+01 , 2.0000000E+01 , 0.0000000E+00 , P
       334 , +3.816186993E+15 , +0.000000000E+00 , +0.000000000E+00 , 3.0000000E+04 , 5.0000000E+01 , 2.0000000E+01 , 0.0000000E+00 , P
       335 , +3.869189590E+15 , +0.000000000E+00 , +0.000000000E+00 , 3.0000000E+04 , 5.0000000E+01 , 2.0000000E+01 , 0.0000000E+00 , P
       336 , +3.922192187E+15 , +0.000000000E+00 , +0.000000000E+00 , 3.0000000E+04 , 5.0000000E+01 , 2.0000000E+01 , 0.0000000E+00 , P
       337 , +3.975194785E+15 , +0.000000000E+00 , +0.000000000E+00 , 3.0000000E+04 , 5.0000000E+01 , 2.0000000E+01 , 0.0000000E+00 , P
       338 , +4.028197382E+15 , +0.000000000E+00 , +0.000000000E+00 , 3.0000000E+04 , 5.0000000E+01 , 2.0000000E+01 , 0.0000000E+00 , P
       339 , +4.081199979E+15 , +0.000000000E+00 , +0.000000000E+00 , 3.0000000E+04 , 5.0000000E+01 , 2.0000000E+01 , 0.0000000E+00 , P
       340 , +4.134202576E+15 , +0.000000000E+00 , +0.000000000E+00 , 3.0000000E+04 , 5.0000000E+01 , 2.0000000E+01 , 0.0000000E+00 , P
       341 , +4.187205173E+15 , +0.000000000E+00 , +0.000000000E+00 , 3.0000000E+04 , 5.0000000E+01 , 2.0000000E+01 , 0.0000000E+00 , P
       342 , +4.240207770E+15 , +0.000000000E+00 , +0.000000000E+00 , 3.0000000E+04 , 5.0000000E+01 , 2.0000000E+01 , 0.0000000E+00 , P
       343 , +4.293210367E+15 , +0.000000000E+00 , +0.000000000E+00 , 3.0000000E+04 , 5.0000000E+01 , 2.0000000E+01 , 0.0000000E+00 , P
       344 , +4.346212964E+15 , +0.000000000E+00 , +0.000000000E+00 , 3.0000000E+04 , 5.0000000E+01 , 2.0000000E+01 , 0.0000000E+00 , P
       345 , +4.399215562E+15 , +0.000000000E+00 , +0.000000000E+00 , 3.0000000E+04 , 5.0000000E+01 , 2.0000000E+01 , 0.0000000E+00 , P
       346 , +4.452218159E+15 , +0.000000000E+00 , +0.000000000E+00 , 3.0000000E+04 , 5.0000000E+01 , 2.0000000E+01 , 0.0000000E+00 , P
       347 , +4.505220756E+15 , +0.000000000E+00 , +0.000000000E+00 , 3.0000000E+04 , 5.0000000E+01 , 2.0000000E+01 , 0.0000000E+00 , P
       348 , +4.558223353E+15 , +0.000000000E+00 , +0.000000000E+00 , 3.0000000E+04 , 5.0000000E+01 , 2.0000000E+01 , 0.0000000E+00 , P
       349 , +4.611225950E+15 , +0.000000000E+00 , +0.000000000E+00 , 3.0000000E+04 , 5.0000000E+01 , 2.0000000E+01 , 0.0000000E+00 , P
       350 , +4.664228547E+15 , +0.000000000E+00 , +0.000000000E+00 , 3.0000000E+04 , 5.0000000E+01 , 2.0000000E+01 , 0.0000000E+00 , P
       351 , +4.717231144E+15 , +0.000000000E+00 , +0.000000000E+00 , 3.0000000E+04 , 5.0000000E+01 , 2.0000000E+01 , 0.0000000E+00 , P
       352 , +4.770233741E+15 , +0.000000000E+00 , +0.000000000E+00 , 3.0000000E+04 , 5.0000000E+01 , 2.0000000E+01 , 0.0000000E+00 , P
       353 , +4.823236339E+15 , +0.000000000E+00 , +0.000000000E+00 , 3.0000000E+04 , 5.0000000E+01 , 2.0000000E+01 , 0.0000000E+00 , P
       354 , +4.876238936E+15 , +0.000000000E+00 , +0.000000000E+00 , 3.0000000E+04 , 5.0000000E+01 , 2.0000000E+01 , 0.0000000E+00 , P
       355 , +4.929241533E+15 , +0.000000000E+00 , +0.000000000E+00 , 3.0000000E+04 , 5.0000000E+01 , 2.0000000E+01 , 0.0000000E+00 , P
       356 , +4.982244130E+15 , +0.000000000E+00 , +0.000000000E+00 , 3.0000000E+04 , 5.0000000E+01 , 2.0000000E+01 , 0.0000000E+00 , P
       357 , +5.035246727E+15 , +0.000000000E+00 , +0.000000000E+00 , 3.0000000E+04 , 5.0000000E+01 , 2.0000000E+01 , 0.0000000E+00 , P
       358 , +5.088249324E+15 , +0.000000000E+00 , +0.000000000E+00 , 3.0000000E+04 , 5.0000000E+01 , 2.0000000E+01 , 0.0000000E+00 , P
       359 , +5.141251921E+15 , +0.000000000E+00 , +0.000000000E+00 , 3.0000000E+04 , 5.0000000E+01 , 2.0000000E+01 , 0.0000000E+00 , P
       360 , +5.194254518E+15 , +0.000000000E+00 , +0.000000000E+00 , 3.0000000E+04 , 5.0000000E+01 , 2.0000000E+01 , 0.0000000E+00 , P
       361 , +5.247257116E+15 , +0.000000000E+00 , +0.000000000E+00 , 3.0000000E+04 , 5.0000000E+01 , 2.0000000E+01 , 0.0000000E+00 , P
       362 , +5.300259713E+15 , +0.000000000E+00 , +0.000000000E+00 , 3.0000000E+04 , 5.0000000E+01 , 2.0000000E+01 , 0.0000000E+00 , P
       363 , +5.830285684E+15 , +0.000000000E+00 , +0.000000000E+00 , 3.0000000E+04 , 5.0000000E+01 , 2.0000000E+01 , 0.0000000E+00 , P
       364 , +6.360311655E+15 , +0.000000000E+00 , +0.000000000E+00 , 3.0000000E+04 , 5.0000000E+01 , 2.0000000E+01 , 0.0000000E+00 , P
       365 , +6.890337627E+15 , +0.000000000E+00 , +0.000000000E+00 , 3.0000000E+04 , 5.0000000E+01 , 2.0000000E+01 , 0.0000000E+00 , P
       366 , +7.420363598E+15 , +0.000000000E+00 , +0.000000000E+00 , 3.0000000E+04 , 5.0000000E+01 , 2.0000000E+01 , 0.0000000E+00 , P
       367 , +7.950389569E+15 , +0.000000000E+00 , +0.000000000E+00 , 3.0000000E+04 , 5.0000000E+01 , 2.0000000E+01 , 0.0000000E+00 , P
       368 , +8.480415540E+15 , +0.000000000E+00 , +0.000000000E+00 , 3.0000000E+04 , 5.0000000E+01 , 2.0000000E+01 , 0.0000000E+00 , P
       369 , +9.010441512E+15 , +0.000000000E+00 , +0.000000000E+00 , 3.0000000E+04 , 5.0000000E+01 , 2.0000000E+01 , 0.0000000E+00 , P
       370 , +9.540467483E+15 , +0.000000000E+00 , +0.000000000E+00 , 3.0000000E+04 , 5.0000000E+01 , 2.0000000E+01 , 0.0000000E+00 , P
       371 , +1.007049345E+16 , +0.000000000E+00 , +0.000000000E+00 , 3.0000000E+04 , 5.0000000E+01 , 2.0000000E+01 , 0.0000000E+00 , P
       372 , +1.060051943E+16 , +0.000000000E+00 , +0.000000000E+00 , 3.0000000E+04 , 5.0000000E+01 , 2.0000000E+01 , 0.0000000E+00 , P
       373 , +1.113054540E+16 , +0.000000000E+00 , +0.000000000E+00 , 3.0000000E+04 , 5.0000000E+01 , 2.0000000E+01 , 0.0000000E+00 , P
       374 , +1.166057137E+16 , +0.000000000E+00 , +0.000000000E+00 , 3.0000000E+04 , 5.0000000E+01 , 2.0000000E+01 , 0.0000000E+00 , P
       375 , +1.219059734E+16 , +0.000000000E+00 , +0.000000000E+00 , 3.0000000E+04 , 5.0000000E+01 , 2.0000000E+01 , 0.0000000E+00 , P
       376 , +1.272062331E+16 , +0.000000000E+00 , +0.000000000E+00 , 3.0000000E+04 , 5.0000000E+01 , 2.0000000E+01 , 0.0000000E+00 , P
       377 , +1.325064928E+16 , +0.000000000E+00 , +0.000000000E+00 , 3.0000000E+04 , 5.0000000E+01 , 2.0000000E+01 , 0.0000000E+00 , P
       378 , +1.378067525E+16 , +0.000000000E+00 , +0.000000000E+00 , 3.0000000E+04 , 5.0000000E+01 , 2.0000000E+01 , 0.0000000E+00 , P
       379 , +1.431070122E+16 , +0.000000000E+00 , +0.000000000E+00 , 3.0000000E+04 , 5.0000000E+01 , 2.0000000E+01 , 0.0000000E+00 , P
       380 , +1.484072720E+16 , +0.000000000E+00 , +0.000000000E+00 , 3.0000000E+04 , 5.0000000E+01 , 2.0000000E+01 , 0.0000000E+00 , P
       381 , +1.537075317E+16 , +0.000000000E+00 , +0.000000000E+00 , 3.0000000E+04 , 5.0000000E+01 , 2.0000000E+01 , 0.0000000E+00 , P
       382 , +1.590077914E+16 , +0.000000000E+00 , +0.000000000E+00 , 3.0000000E+04 , 5.0000000E+01 , 2.0000000E+01 , 0.0000000E+00 , P
       383 , +1.643080511E+16 , +0.000000000E+00 , +0.000000000E+00 , 3.0000000E+04 , 5.0000000E+01 , 2.0000000E+01 , 0.0000000E+00 , P
       384 , +1.696083108E+16 , +0.000000000E+00 , +0.000000000E+00 , 3.0000000E+04 , 5.0000000E+01 , 2.0000000E+01 , 0.0000000E+00 , P
       385 , +1.749085705E+16 , +0.000000000E+00 , +0.000000000E+00 , 3.0000000E+04 , 5.0000000E+01 , 2.0000000E+01 , 0.0000000E+00 , P
       386 , +1.802088302E+16 , +0.000000000E+00 , +0.000000000E+00 , 3.0000000E+04 , 5.0000000E+01 , 2.0000000E+01 , 0.0000000E+00 , P
       387 , +1.855090899E+16 , +0.000000000E+00 , +0.000000000E+00 , 3.0000000E+04 , 5.0000000E+01 , 2.0000000E+01 , 0.0000000E+00 , P
       388 , +1.908093497E+16 , +0.000000000E+00 , +0.000000000E+00 , 3.0000000E+04 , 5.0000000E+01 , 2.0000000E+01 , 0.0000000E+00 , P
       389 , +1.961096094E+16 , +0.000000000E+00 , +0.000000000E+00 , 3.0000000E+04 , 5.0000000E+01 , 2.0000000E+01 , 0.0000000E+00 , P
       390 , +2.014098691E+16 , +0.000000000E+00 , +0.000000000E+00 , 3.0000000E+04 , 5.0000000E+01 , 2.0000000E+01 , 0.0000000E+00 , P
       391 , +2.067101288E+16 , +0.000000000E+00 , +0.000000000E+00 , 3.0000000E+04 , 5.0000000E+01 , 2.0000000E+01 , 0.0000000E+00 , P
       392 , +2.120103885E+16 , +0.000000000E+00 , +0.000000000E+00 , 3.0000000E+04 , 5.0000000E+01 , 2.0000000E+01 , 0.0000000E+00 , P
       393 , +2.173106482E+16 , +0.000000000E+00 , +0.000000000E+00 , 3.0000000E+04 , 5.0000000E+01 , 2.0000000E+01 , 0.0000000E+00 , P
       394 , +2.226109079E+16 , +0.000000000E+00 , +0.000000000E+00 , 3.0000000E+04 , 5.0000000E+01 , 2.0000000E+01 , 0.0000000E+00 , P
       395 , +2.279111676E+16 , +0.000000000E+00 , +0.000000000E+00 , 3.0000000E+04 , 5.0000000E+01 , 2.0000000E+01 , 0.0000000E+00 , P
       396 , +2.332114274E+16 , +0.000000000E+00 , +0.000000000E+00 , 3.0000000E+04 , 5.0000000E+01 , 2.0000000E+01 , 0.0000000E+00 , P
       397 , +2.385116871E+16 , +0.000000000E+00 , +0.000000000E+00 , 3.0000000E+04 , 5.0000000E+01 , 2.0000000E+01 , 0.0000000E+00 , P
       398 , +2.438119468E+16 , +0.000000000E+00 , +0.000000000E+00 , 3.0000000E+04 , 5.0000000E+01 , 2.0000000E+01 , 0.0000000E+00 , P
       399 , +2.491122065E+16 , +0.000000000E+00 , +0.000000000E+00 , 3.0000000E+04 , 5.0000000E+01 , 2.0000000E+01 , 0.0000000E+00 , P
       400 , +2.544124662E+16 , +0.000000000E+00 , +0.000000000E+00 , 3.0000000E+04 , 5.0000000E+01 , 2.0000000E+01 , 0.0000000E+00 , P
       401 , +2.597127259E+16 , +0.000000000E+00 , +0.000000000E+00 , 3.0000000E+04 , 5.0000000E+01 , 2.0000000E+01 , 0.0000000E+00 , P
       402 , +2.650129856E+16 , +0.000000000E+00 , +0.000000000E+00 , 3.0000000E+04 , 5.0000000E+01 , 2.0000000E+01 , 0.0000000E+00 , P
       403 , +2.703132453E+16 , +0.000000000E+00 , +0.000000000E+00 , 3.0000000E+04 , 5.0000000E+01 , 2.0000000E+01 , 0.0000000E+00 , P
       404 , +2.756135051E+16 , +0.000000000E+00 , +0.000000000E+00 , 3.0000000E+04 , 5.0000000E+01 , 2.0000000E+01 , 0.0000000E+00 , P
       405 , +2.809137648E+16 , +0.000000000E+00 , +0.000000000E+00 , 3.0000000E+04 , 5.0000000E+01 , 2.0000000E+01 , 0.0000000E+00 , P
       406 , +2.862140245E+16 , +0.000000000E+00 , +0.000000000E+00 , 3.0000000E+04 , 5.0000000E+01 , 2.0000000E+01 , 0.0000000E+00 , P
       407 , +2.915142842E+16 , +0.000000000E+00 , +0.000000000E+00 , 3.0000000E+04 , 5.0000000E+01 , 2.0000000E+01 , 0.0000000E+00 , P
       408 , +2.968145439E+16 , +0.000000000E+00 , +0.000000000E+00 , 3.0000000E+04 , 5.0000000E+01 , 2.0000000E+01 , 0.0000000E+00 , P
       409 , +3.021148036E+16 , +0.000000000E+00 , +0.000000000E+00 , 3.0000000E+04 , 5.0000000E+01 , 2.0000000E+01 , 0.0000000E+00 , P
       410 , +3.074150633E+16 , +0.000000000E+00 , +0.000000000E+00 , 3.0000000E+04 , 5.0000000E+01 , 2.0000000E+01 , 0.0000000E+00 , P
       411 , +3.127153231E+16 , +0.000000000E+00 , +0.000000000E+00 , 3.0000000E+04 , 5.0000000E+01 , 2.0000000E+01 , 0.0000000E+00 , P
       412 , +3.180155828E+16 , +0.000000000E+00 , +0.000000000E+00 , 3.0000000E+04 , 5.0000000E+01 , 2.0000000E+01 , 0.0000000E+00 , P
       413 , +3.233158425E+16 , +0.000000000E+00 , +0.000000000E+00 , 3.0000000E+04 , 5.0000000E+01 , 2.0000000E+01 , 0.0000000E+00 , P
       414 , +3.286161022E+16 , +0.000000000E+00 , +0.000000000E+00 , 3.0000000E+04 , 5.0000000E+01 , 2.0000000E+01 , 0.0000000E+00 , P
       415 , +3.339163619E+16 , +0.000000000E+00 , +0.000000000E+00 , 3.0000000E+04 , 5.0000000E+01 , 2.0000000E+01 , 0.0000000E+00 , P
       416 , +3.392166216E+16 , +0.000000000E+00 , +0.000000000E+00 , 3.0000000E+04 , 5.0000000E+01 , 2.0000000E+01 , 0.0000000E+00 , P
       417 , +3.445168813E+16 , +0.000000000E+00 , +0.000000000E+00 , 3.0000000E+04 , 5.0000000E+01 , 2.0000000E+01 , 0.0000000E+00 , P
       418 , +3.498171410E+16 , +0.000000000E+00 , +0.000000000E+00 , 3.0000000E+04 , 5.0000000E+01 , 2.0000000E+01 , 0.0000000E+00 , P
       419 , +3.551174008E+16 , +0.000000000E+00 , +0.000000000E+00 , 3.0000000E+04 , 5.0000000E+01 , 2.0000000E+01 , 0.0000000E+00 , P
       420 , +3.604176605E+16 , +0.000000000E+00 , +0.000000000E+00 , 3.0000000E+04 , 5.0000000E+01 , 2.0000000E+01 , 0.0000000E+00 , P
       421 , +3.657179202E+16 , +0.000000000E+00 , +0.000000000E+00 , 3.0000000E+04 , 5.0000000E+01 , 2.0000000E+01 , 0.0000000E+00 , P
       422 , +3.710181799E+16 , +0.000000000E+00 , +0.000000000E+00 , 3.0000000E+04 , 5.0000000E+01 , 2.0000000E+01 , 0.0000000E+00 , P
       423 , +3.763184396E+16 , +0.000000000E+00 , +0.000000000E+00 , 3.0000000E+04 , 5.0000000E+01 , 2.0000000E+01 , 0.0000000E+00 , P
       424 , +3.816186993E+16 , +0.000000000E+00 , +0.000000000E+00 , 3.0000000E+04 , 5.0000000E+01 , 2.0000000E+01 , 0.0000000E+00 , P
       425 , +3.869189590E+16 , +0.000000000E+00 , +0.000000000E+00 , 3.0000000E+04 , 5.0000000E+01 , 2.0000000E+01 , 0.0000000E+00 , P
       426 , +3.922192187E+16 , +0.000000000E+00 , +0.000000000E+00 , 3.0000000E+04 , 5.0000000E+01 , 2.0000000E+01 , 0.0000000E+00 , P
       427 , +3.975194785E+16 , +0.000000000E+00 , +0.000000000E+00 , 3.0000000E+04 , 5.0000000E+01 , 2.0000000E+01 , 0.0000000E+00 , P
       428 , +4.028197382E+16 , +0.000000000E+00 , +0.000000000E+00 , 3.0000000E+04 , 5.0000000E+01 , 2.0000000E+01 , 0.0000000E+00 , P
       429 , +4.081199979E+16 , +0.000000000E+00 , +0.000000000E+00 , 3.0000000E+04 , 5.0000000E+01 , 2.0000000E+01 , 0.0000000E+00 , P
       430 , +4.134202576E+16 , +0.000000000E+00 , +0.000000000E+00 , 3.0000000E+04 , 5.0000000E+01 , 2.0000000E+01 , 0.0000000E+00 , P
       431 , +4.187205173E+16 , +0.000000000E+00 , +0.000000000E+00 , 3.0000000E+04 , 5.0000000E+01 , 2.0000000E+01 , 0.0000000E+00 , P
       432 , +4.240207770E+16 , +0.000000000E+00 , +0.000000000E+00 , 3.0000000E+04 , 5.0000000E+01 , 2.0000000E+01 , 0.0000000E+00 , P
       433 , +4.293210367E+16 , +0.000000000E+00 , +0.000000000E+00 , 3.0000000E+04 , 5.0000000E+01 , 2.0000000E+01 , 0.0000000E+00 , P
       434 , +4.346212964E+16 , +0.000000000E+00 , +0.000000000E+00 , 3.0000000E+04 , 5.0000000E+01 , 2.0000000E+01 , 0.0000000E+00 , P
       435 , +4.399215562E+16 , +0.000000000E+00 , +0.000000000E+00 , 3.0000000E+04 , 5.0000000E+01 , 2.0000000E+01 , 0.0000000E+00 , P
       436 , +4.452218159E+16 , +0.000000000E+00 , +0.000000000E+00 , 3.0000000E+04 , 5.0000000E+01 , 2.0000000E+01 , 0.0000000E+00 , P
       437 , +4.505220756E+16 , +0.000000000E+00 , +0.000000000E+00 , 3.0000000E+04 , 5.0000000E+01 , 2.0000000E+01 , 0.0000000E+00 , P
       438 , +4.558223353E+16 , +0.000000000E+00 , +0.000000000E+00 , 3.0000000E+04 , 5.0000000E+01 , 2.0000000E+01 , 0.0000000E+00 , P
       439 , +4.611225950E+16 , +0.000000000E+00 , +0.000000000E+00 , 3.0000000E+04 , 5.0000000E+01 , 2.0000000E+01 , 0.0000000E+00 , P
       440 , +4.664228547E+16 , +0.000000000E+00 , +0.000000000E+00 , 3.0000000E+04 , 5.0000000E+01 , 2.0000000E+01 , 0.0000000E+00 , P
       441 , +4.717231144E+16 , +0.000000000E+00 , +0.000000000E+00 , 3.0000000E+04 , 5.0000000E+01 , 2.0000000E+01 , 0.0000000E+00 , P
       442 , +4.770233741E+16 , +0.000000000E+00 , +0.000000000E+00 , 3.0000000E+04 , 5.0000000E+01 , 2.0000000E+01 , 0.0000000E+00 , P
       443 , +4.823236339E+16 , +0.000000000E+00 , +0.000000000E+00 , 3.0000000E+04 , 5.0000000E+01 , 2.0000000E+01 , 0.0000000E+00 , P
       444 , +4.876238936E+16 , +0.000000000E+00 , +0.000000000E+00 , 3.0000000E+04 , 5.0000000E+01 , 2.0000000E+01 , 0.0000000E+00 , P
       445 , +4.929241533E+16 , +0.000000000E+00 , +0.000000000E+00 , 3.0000000E+04 , 5.0000000E+01 , 2.0000000E+01 , 0.0000000E+00 , P
       446 , +4.982244130E+16 , +0.000000000E+00 , +0.000000000E+00 , 3.0000000E+04 , 5.0000000E+01 , 2.0000000E+01 , 0.0000000E+00 , P
       447 , +5.035246727E+16 , +0.000000000E+00 , +0.000000000E+00 , 3.0000000E+04 , 5.0000000E+01 , 2.0000000E+01 , 0.0000000E+00 , P
       448 , +5.088249324E+16 , +0.000000000E+00 , +0.000000000E+00 , 3.0000000E+04 , 5.0000000E+01 , 2.0000000E+01 , 0.0000000E+00 , P
       449 , +5.141251921E+16 , +0.000000000E+00 , +0.000000000E+00 , 3.0000000E+04 , 5.0000000E+01 , 2.0000000E+01 , 0.0000000E+00 , P
       450 , +5.194254518E+16 , +0.000000000E+00 , +0.000000000E+00 , 3.0000000E+04 , 5.0000000E+01 , 2.0000000E+01 , 0.0000000E+00 , P
       451 , +5.247257116E+16 , +0.000000000E+00 , +0.000000000E+00 , 3.0000000E+04 , 5.0000000E+01 , 2.0000000E+01 , 0.0000000E+00 , P
       452 , +5.300259713E+16 , +0.000000000E+00 , +0.000000000E+00 , 3.0000000E+04 , 5.0000000E+01 , 2.0000000E+01 , 0.0000000E+00 , P
       453 , +5.830285684E+16 , +0.000000000E+00 , +0.000000000E+00 , 3.0000000E+04 , 5.0000000E+01 , 2.0000000E+01 , 0.0000000E+00 , P
       454 , +6.360311655E+16 , +0.000000000E+00 , +0.000000000E+00 , 3.0000000E+04 , 5.0000000E+01 , 2.0000000E+01 , 0.0000000E+00 , P
       455 , +6.890337627E+16 , +0.000000000E+00 , +0.000000000E+00 , 3.0000000E+04 , 5.0000000E+01 , 2.0000000E+01 , 0.0000000E+00 , P
       456 , +7.420363598E+16 , +0.000000000E+00 , +0.000000000E+00 , 3.0000000E+04 , 5.0000000E+01 , 2.0000000E+01 , 0.0000000E+00 , P
       457 , +7.950389569E+16 , +0.000000000E+00 , +0.000000000E+00 , 3.0000000E+04 , 5.0000000E+01 , 2.0000000E+01 , 0.0000000E+00 , P
       458 , +8.480415540E+16 , +0.000000000E+00 , +0.000000000E+00 , 3.0000000E+04 , 5.0000000E+01 , 2.0000000E+01 , 0.0000000E+00 , P
       459 , +9.010441512E+16 , +0.000000000E+00 , +0.000000000E+00 , 3.0000000E+04 , 5.0000000E+01 , 2.0000000E+01 , 0.0000000E+00 , P
       460 , +9.540467483E+16 , +0.000000000E+00 , +0.000000000E+00 , 3.0000000E+04 , 5.0000000E+01 , 2.0000000E+01 , 0.0000000E+00 , P
       461 , +1.007049345E+17 , +0.000000000E+00 , +0.000000000E+00 , 3.0000000E+04 , 5.0000000E+01 , 2.0000000E+01 , 0.0000000E+00 , P
       462 , +1.060051943E+17 , +0.000000000E+00 , +0.000000000E+00 , 3.0000000E+04 , 5.0000000E+01 , 2.0000000E+01 , 0.0000000E+00 , P
       463 , +1.113054540E+17 , +0.000000000E+00 , +0.000000000E+00 , 3.0000000E+04 , 5.0000000E+01 , 2.0000000E+01 , 0.0000000E+00 , P
       464 , +1.166057137E+17 , +0.000000000E+00 , +0.000000000E+00 , 3.0000000E+04 , 5.0000000E+01 , 2.0000000E+01 , 0.0000000E+00 , P
       465 , +1.219059734E+17 , +0.000000000E+00 , +0.000000000E+00 , 3.0000000E+04 , 5.0000000E+01 , 2.0000000E+01 , 0.0000000E+00 , P
       466 , +1.272062331E+17 , +0.000000000E+00 , +0.000000000E+00 , 3.0000000E+04 , 5.0000000E+01 , 2.0000000E+01 , 0.0000000E+00 , P
       467 , +1.325064928E+17 , +0.000000000E+00 , +0.000000000E+00 , 3.0000000E+04 , 5.0000000E+01 , 2.0000000E+01 , 0.0000000E+00 , P
       468 , +1.378067525E+17 , +0.000000000E+00 , +0.000000000E+00 , 3.0000000E+04 , 5.0000000E+01 , 2.0000000E+01 , 0.0000000E+00 , P
       469 , +1.431070122E+17 , +0.000000000E+00 , +0.000000000E+00 , 3.0000000E+04 , 5.0000000E+01 , 2.0000000E+01 , 0.0000000E+00 , P
       470 , +1.484072720E+17 , +0.000000000E+00 , +0.000000000E+00 , 3.0000000E+04 , 5.0000000E+01 , 2.0000000E+01 , 0.0000000E+00 , P
       471 , +1.537075317E+17 , +0.000000000E+00 , +0.000000000E+00 , 3.0000000E+04 , 5.0000000E+01 , 2.0000000E+01 , 0.0000000E+00 , P
       472 , +1.590077914E+17 , +0.000000000E+00 , +0.000000000E+00 , 3.0000000E+04 , 5.0000000E+01 , 2.0000000E+01 , 0.0000000E+00 , P
       473 , +1.643080511E+17 , +0.000000000E+00 , +0.000000000E+00 , 3.0000000E+04 , 5.0000000E+01 , 2.0000000E+01 , 0.0000000E+00 , P
       474 , +1.696083108E+17 , +0.000000000E+00 , +0.000000000E+00 , 3.0000000E+04 , 5.0000000E+01 , 2.0000000E+01 , 0.0000000E+00 , P
       475 , +1.749085705E+17 , +0.000000000E+00 , +0.000000000E+00 , 3.0000000E+04 , 5.0000000E+01 , 2.0000000E+01 , 0.0000000E+00 , P
       476 , +1.802088302E+17 , +0.000000000E+00 , +0.000000000E+00 , 3.0000000E+04 , 5.0000000E+01 , 2.0000000E+01 , 0.0000000E+00 , P
       477 , +1.855090899E+17 , +0.000000000E+00 , +0.000000000E+00 , 3.0000000E+04 , 5.0000000E+01 , 2.0000000E+01 , 0.0000000E+00 , P
       478 , +1.908093497E+17 , +0.000000000E+00 , +0.000000000E+00 , 3.0000000E+04 , 5.0000000E+01 , 2.0000000E+01 , 0.0000000E+00 , P
       479 , +1.961096094E+17 , +0.000000000E+00 , +0.000000000E+00 , 3.0000000E+04 , 5.0000000E+01 , 2.0000000E+01 , 0.0000000E+00 , P
       480 , +2.014098691E+17 , +0.000000000E+00 , +0.000000000E+00 , 3.0000000E+04 , 5.0000000E+01 , 2.0000000E+01 , 0.0000000E+00 , P
       481 , +2.067101288E+17 , +0.000000000E+00 , +0.000000000E+00 , 3.0000000E+04 , 5.0000000E+01 , 2.0000000E+01 , 0.0000000E+00 , P
       482 , +2.120103885E+17 , +0.000000000E+00 , +0.000000000E+00 , 3.0000000E+04 , 5.0000000E+01 , 2.0000000E+01 , 0.0000000E+00 , P
       483 , +2.173106482E+17 , +0.000000000E+00 , +0.000000000E+00 , 3.0000000E+04 , 5.0000000E+01 , 2.0000000E+01 , 0.0000000E+00 , P
       484 , +2.226109079E+17 , +0.000000000E+00 , +0.000000000E+00 , 3.0000000E+04 , 5.0000000E+01 , 2.0000000E+01 , 0.0000000E+00 , P
       485 , +2.279111676E+17 , +0.000000000E+00 , +0.000000000E+00 , 3.0000000E+04 , 5.0000000E+01 , 2.0000000E+01 , 0.0000000E+00 , P
       486 , +2.332114274E+17 , +0.000000000E+00 , +0.000000000E+00 , 3.0000000E+04 , 5.0000000E+01 , 2.0000000E+01 , 0.0000000E+00 , P
       487 , +2.385116871E+17 , +0.000000000E+00 , +0.000000000E+00 , 3.0000000E+04 , 5.0000000E+01 , 2.0000000E+01 , 0.0000000E+00 , P
       488 , +2.438119468E+17 , +0.000000000E+00 , +0.000000000E+00 , 3.0000000E+04 , 5.0000000E+01 , 2.0000000E+01 , 0.0000000E+00 , P
       489 , +2.491122065E+17 , +0.000000000E+00 , +0.000000000E+00 , 3.0000000E+04 , 5.0000000E+01 , 2.0000000E+01 , 0.0000000E+00 , P
       490 , +2.544124662E+17 , +0.000000000E+00 , +0.000000000E+00 , 3.0000000E+04 , 5.0000000E+01 , 2.0000000E+01 , 0.0000000E+00 , P
       491 , +2.597127259E+17 , +0.000000000E+00 , +0.000000000E+00 , 3.0000000E+04 , 5.0000000E+01 , 2.0000000E+01 , 0.0000000E+00 , P
       492 , +2.650129856E+17 , +0.000000000E+00 , +0.000000000E+00 , 3.0000000E+04 , 5.0000000E+01 , 2.0000000E+01 , 0.0000000E+00 , P
       493 , +2.703132453E+17 , +0.000000000E+00 , +0.000000000E+00 , 3.0000000E+04 , 5.0000000E+01 , 2.0000000E+01 , 0.0000000E+00 , P
       494 , +2.756135051E+17 , +0.000000000E+00 , +0.000000000E+00 , 3.0000000E+04 , 5.0000000E+01 , 2.0000000E+01 , 0.0000000E+00 , P
       495 , +2.809137648E+17 , +0.000000000E+00 , +0.000000000E+00 , 3.0000000E+04 , 5.0000000E+01 , 2.0000000E+01 , 0.0000000E+00 , P
       496 , +2.862140245E+17 , +0.000000000E+00 , +0.000000000E+00 , 3.0000000E+04 , 5.0000000E+01 , 2.0000000E+01 , 0.0000000E+00 , P
       497 , +2.915142842E+17 , +0.000000000E+00 , +0.000000000E+00 , 3.0000000E+04 , 5.0000000E+01 , 2.0000000E+01 , 0.0000000E+00 , P
       498 , +2.968145439E+17 , +0.000000000E+00 , +0.000000000E+00 , 3.0000000E+04 , 5.0000000E+01 , 2.0000000E+01 , 0.0000000E+00 , P
       499 , +3.021148036E+17 , +0.000000000E+00 , +0.000000000E+00 , 3.0000000E+04 , 5.0000000E+01 , 2.0000000E+01 , 0.0000000E+00 , P
       500 , +3.074150633E+17 , +0.000000000E+00 , +0.000000000E+00 , 3.0000000E+04 , 5.0000000E+01 , 2.0000000E+01 , 0.0000000E+00 , P
       501 , +3.127153231E+17 , +0.000000000E+00 , +0.000000000E+00 , 3.0000000E+04 , 5.0000000E+01 , 2.0000000E+01 , 0.0000000E+00 , P
       502 , +3.180155828E+17 , +0.000000000E+00 , +0.000000000E+00 , 3.0000000E+04 , 5.0000000E+01 , 2.0000000E+01 , 0.0000000E+00 , P
       503 , +3.233158425E+17 , +0.000000000E+00 , +0.000000000E+00 , 3.0000000E+04 , 5.0000000E+01 , 2.0000000E+01 , 0.0000000E+00 , P
       504 , +3.286161022E+17 , +0.000000000E+00 , +0.000000000E+00 , 3.0000000E+04 , 5.0000000E+01 , 2.0000000E+01 , 0.0000000E+00 , P
       505 , +3.339163619E+17 , +0.000000000E+00 , +0.000000000E+00 , 3.0000000E+04 , 5.0000000E+01 , 2.0000000E+01 , 0.0000000E+00 , P
       506 , +3.392166216E+17 , +0.000000000E+00 , +0.000000000E+00 , 3.0000000E+04 , 5.0000000E+01 , 2.0000000E+01 , 0.0000000E+00 , P
       507 , +3.445168813E+17 , +0.000000000E+00 , +0.000000000E+00 , 3.0000000E+04 , 5.0000000E+01 , 2.0000000E+01 , 0.0000000E+00 , P
       508 , +3.498171410E+17 , +0.000000000E+00 , +0.000000000E+00 , 3.0000000E+04 , 5.0000000E+01 , 2.0000000E+01 , 0.0000000E+00 , P
       509 , +3.551174008E+17 , +0.000000000E+00 , +0.000000000E+00 , 3.0000000E+04 , 5.0000000E+01 , 2.0000000E+01 , 0.0000000E+00 , P
       510 , +3.604176605E+17 , +0.000000000E+00 , +0.000000000E+00 , 3.0000000E+04 , 5.0000000E+01 , 2.0000000E+01 , 0.0000000E+00 , P
       511 , +3.657179202E+17 , +0.000000000E+00 , +0.000000000E+00 , 3.0000000E+04 , 5.0000000E+01 , 2.0000000E+01 , 0.0000000E+00 , P
       512 , +3.710181799E+17 , +0.000000000E+00 , +0.000000000E+00 , 3.0000000E+04 , 5.0000000E+01 , 2.0000000E+01 , 0.0000000E+00 , P
       513 , +3.763184396E+17 , +0.000000000E+00 , +0.000000000E+00 , 3.0000000E+04 , 5.0000000E+01 , 2.0000000E+01 , 0.0000000E+00 , P
       514 , +3.816186993E+17 , +0.000000000E+00 , +0.000000000E+00 , 3.0000000E+04 , 5.0000000E+01 , 2.0000000E+01 , 0.0000000E+00 , P
       515 , +3.869189590E+17 , +0.000000000E+00 , +0.000000000E+00 , 3.0000000E+04 , 5.0000000E+01 , 2.0000000E+01 , 0.0000000E+00 , P
       516 , +3.922192187E+17 , +0.000000000E+00 , +0.000000000E+00 , 3.0000000E+04 , 5.0000000E+01 , 2.0000000E+01 , 0.0000000E+00 , P
       517 , +3.975194785E+17 , +0.000000000E+00 , +0.000000000E+00 , 3.0000000E+04 , 5.0000000E+01 , 2.0000000E+01 , 0.0000000E+00 , P
       518 , +4.028197382E+17 , +0.000000000E+00 , +0.000000000E+00 , 3.0000000E+04 , 5.0000000E+01 , 2.0000000E+01 , 0.0000000E+00 , P
       519 , +4.081199979E+17 , +0.000000000E+00 , +0.000000000E+00 , 3.0000000E+04 , 5.0000000E+01 , 2.0000000E+01 , 0.0000000E+00 , P
       520 , +4.134202576E+17 , +0.000000000E+00 , +0.000000000E+00 , 3.0000000E+04 , 5.0000000E+01 , 2.0000000E+01 , 0.0000000E+00 , P
       521 , +4.187205173E+17 , +0.000000000E+00 , +0.000000000E+00 , 3.0000000E+04 , 5.0000000E+01 , 2.0000000E+01 , 0.0000000E+00 , P
       522 , +4.240207770E+17 , +0.000000000E+00 , +0.000000000E+00 , 3.0000000E+04 , 5.0000000E+01 , 2.0000000E+01 , 0.0000000E+00 , P
       523 , +4.293210367E+17 , +0.000000000E+00 , +0.000000000E+00 , 3.0000000E+04 , 5.0000000E+01 , 2.0000000E+01 , 0.0000000E+00 , P
       524 , +4.346212964E+17 , +0.000000000E+00 , +0.000000000E+00 , 3.0000000E+04 , 5.0000000E+01 , 2.0000000E+01 , 0.0000000E+00 , P
       525 , +4.399215562E+17 , +0.000000000E+00 , +0.000000000E+00 , 3.0000000E+04 , 5.0000000E+01 , 2.0000000E+01 , 0.0000000E+00 , P
       526 , +4.452218159E+17 , +0.000000000E+00 , +0.000000000E+00 , 3.0000000E+04 , 5.0000000E+01 , 2.0000000E+01 , 0.0000000E+00 , P
       527 , +4.505220756E+17 , +0.000000000E+00 , +0.000000000E+00 , 3.0000000E+04 , 5.0000000E+01 , 2.0000000E+01 , 0.0000000E+00 , P
       528 , +4.558223353E+17 , +0.000000000E+00 , +0.000000000E+00 , 3.0000000E+04 , 5.0000000E+01 , 2.0000000E+01 , 0.0000000E+00 , P
       529 , +4.611225950E+17 , +0.000000000E+00 , +0.000000000E+00 , 3.0000000E+04 , 5.0000000E+01 , 2.0000000E+01 , 0.0000000E+00 , P
       530 , +4.664228547E+17 , +0.000000000E+00 , +0.000000000E+00 , 3.0000000E+04 , 5.0000000E+01 , 2.0000000E+01 , 0.0000000E+00 , P
       531 , +4.717231144E+17 , +0.000000000E+00 , +0.000000000E+00 , 3.0000000E+04 , 5.0000000E+01 , 2.0000000E+01 , 0.0000000E+00 , P
       532 , +4.770233741E+17 , +0.000000000E+00 , +0.000000000E+00 , 3.0000000E+04 , 5.0000000E+01 , 2.0000000E+01 , 0.0000000E+00 , P
       533 , +4.823236339E+17 , +0.000000000E+00 , +0.000000000E+00 , 3.0000000E+04 , 5.0000000E+01 , 2.0000000E+01 , 0.0000000E+00 , P
       534 , +4.876238936E+17 , +0.000000000E+00 , +0.000000000E+00 , 3.0000000E+04 , 5.0000000E+01 , 2.0000000E+01 , 0.0000000E+00 , P
       535 , +4.929241533E+17 , +0.000000000E+00 , +0.000000000E+00 , 3.0000000E+04 , 5.0000000E+01 , 2.0000000E+01 , 0.0000000E+00 , P
       536 , +4.982244130E+17 , +0.000000000E+00 , +0.000000000E+00 , 3.0000000E+04 , 5.0000000E+01 , 2.0000000E+01 , 0.0000000E+00 , P
       537 , +5.035246727E+17 , +0.000000000E+00 , +0.000000000E+00 , 3.0000000E+04 , 5.0000000E+01 , 2.0000000E+01 , 0.0000000E+00 , P
       538 , +5.088249324E+17 , +0.000000000E+00 , +0.000000000E+00 , 3.0000000E+04 , 5.0000000E+01 , 2.0000000E+01 , 0.0000000E+00 , P
       539 , +5.141251921E+17 , +0.000000000E+00 , +0.000000000E+00 , 3.0000000E+04 , 5.0000000E+01 , 2.0000000E+01 , 0.0000000E+00 , P
       540 , +5.194254518E+17 , +0.000000000E+00 , +0.000000000E+00 , 3.0000000E+04 , 5.0000000E+01 , 2.0000000E+01 , 0.0000000E+00 , P
       541 , +5.247257116E+17 , +0.000000000E+00 , +0.000000000E+00 , 3.0000000E+04 , 5.0000000E+01 , 2.0000000E+01 , 0.0000000E+00 , P
       542 , +5.300259713E+17 , +0.000000000E+00 , +0.000000000E+00 , 3.0000000E+04 , 5.0000000E+01 , 2.0000000E+01 , 0.0000000E+00 , P
       543 , +5.830285684E+17 , +0.000000000E+00 , +0.000000000E+00 , 3.0000000E+04 , 5.0000000E+01 , 2.0000000E+01 , 0.0000000E+00 , P
       544 , +6.360311655E+17 , +0.000000000E+00 , +0.000000000E+00 , 3.0000000E+04 , 5.0000000E+01 , 2.0000000E+01 , 0.0000000E+00 , P
       545 , +6.890337627E+17 , +0.000000000E+00 , +0.000000000E+00 , 3.0000000E+04 , 5.0000000E+01 , 2.0000000E+01 , 0.0000000E+00 , P
       546 , +7.420363598E+17 , +0.000000000E+00 , +0.000000000E+00 , 3.0000000E+04 , 5.0000000E+01 , 2.0000000E+01 , 0.0000000E+00 , P
       547 , +7.950389569E+17 , +0.000000000E+00 , +0.000000000E+00 , 3.0000000E+04 , 5.0000000E+01 , 2.0000000E+01 , 0.0000000E+00 , P
       548 , +8.480415540E+17 , +0.000000000E+00 , +0.000000000E+00 , 3.0000000E+04 , 5.0000000E+01 , 2.0000000E+01 , 0.0000000E+00 , P
       549 , +9.010441512E+17 , +0.000000000E+00 , +0.000000000E+00 , 3.0000000E+04 , 5.0000000E+01 , 2.0000000E+01 , 0.0000000E+00 , P
       550 , +9.540467483E+17 , +0.000000000E+00 , +0.000000000E+00 , 3.0000000E+04 , 5.0000000E+01 , 2.0000000E+01 , 0.0000000E+00 , P
       551 , +1.007049345E+18 , +0.000000000E+00 , +0.000000000E+00 , 3.0000000E+04 , 5.0000000E+01 , 2.0000000E+01 , 0.0000000E+00 , P
       552 , +1.060051943E+18 , +0.000000000E+00 , +0.000000000E+00 , 3.0000000E+04 , 5.0000000E+01 , 2.0000000E+01 , 0.0000000E+00 , P
